# message-length lambda [0 1] [1 0] 
1 0.01 1 392 
1 0.01 5 387 
1 0.01 397 1 
1 0.01 3 394 
1 0.01 378 2 
1 0.01 407 0 
1 0.01 17 382 
1 0.01 1 381 
1 0.01 385 2 
1 0.01 395 1 
1 0.01 402 2 
1 0.01 4 399 
1 0.01 7 400 
1 0.01 405 1 
1 0.01 380 5 
1 0.01 1 412 
1 0.01 398 2 
1 0.01 36 355 
1 0.01 382 4 
1 0.01 4 399 
1 0.01 401 2 
1 0.01 449 2 
1 0.01 354 39 
1 0.01 55 349 
1 0.01 376 26 
1 0.01 14 375 
1 0.01 345 11 
1 0.01 386 4 
1 0.01 402 9 
1 0.01 2 422 
1 0.01 2 429 
1 0.01 1 369 
1 0.01 12 367 
1 0.01 2 398 
1 0.01 411 0 
1 0.01 5 384 
1 0.01 3 394 
1 0.01 10 371 
1 0.01 365 12 
1 0.01 4 393 
1 0.01 393 11 
1 0.01 11 382 
1 0.01 14 375 
1 0.01 397 2 
1 0.01 405 15 
1 0.01 5 397 
1 0.01 398 0 
1 0.01 408 8 
1 0.02 179 0 
1 0.02 206 0 
1 0.01 388 1 
1 0.02 0 202 
1 0.01 18 386 
1 0.02 201 0 
1 0.02 0 188 
1 0.02 211 0 
1 0.02 172 0 
1 0.02 0 186 
1 0.02 0 196 
1 0.02 196 0 
1 0.02 197 0 
1 0.02 151 46 
1 0.02 193 0 
1 0.02 199 0 
1 0.02 198 0 
1 0.02 0 206 
1 0.02 0 181 
1 0.02 209 0 
1 0.02 12 173 
1 0.02 1 204 
1 0.02 184 0 
1 0.02 1 192 
1 0.02 0 192 
1 0.02 0 196 
1 0.02 0 192 
1 0.02 192 1 
1 0.02 195 0 
1 0.02 201 0 
1 0.02 196 0 
1 0.02 199 0 
1 0.02 0 178 
1 0.02 199 0 
1 0.02 204 0 
1 0.02 0 182 
1 0.02 192 0 
1 0.02 203 0 
1 0.02 0 199 
1 0.02 204 0 
1 0.02 190 0 
1 0.02 191 0 
1 0.02 199 0 
1 0.02 189 0 
1 0.02 169 0 
1 0.02 0 207 
1 0.02 207 0 
1 0.02 206 0 
1 0.02 203 0 
1 0.02 191 0 
1 0.02 213 0 
1 0.03 0 132 
1 0.02 209 0 
1 0.03 0 139 
1 0.03 126 0 
1 0.03 132 0 
1 0.03 137 0 
1 0.03 130 0 
1 0.03 124 0 
1 0.03 0 112 
1 0.03 0 130 
1 0.03 0 114 
1 0.03 140 0 
1 0.03 0 118 
1 0.03 0 128 
1 0.03 126 0 
1 0.03 0 131 
1 0.03 0 134 
1 0.03 125 0 
1 0.03 132 0 
1 0.03 129 0 
1 0.03 0 132 
1 0.03 0 125 
1 0.03 128 0 
1 0.03 0 130 
1 0.03 121 0 
1 0.03 134 0 
1 0.03 130 0 
1 0.03 0 108 
1 0.03 131 0 
1 0.03 132 0 
1 0.03 0 129 
1 0.03 124 0 
1 0.03 0 122 
1 0.03 119 0 
1 0.03 116 0 
1 0.03 116 0 
1 0.03 0 124 
1 0.03 129 0 
1 0.03 112 0 
1 0.03 0 137 
1 0.03 0 137 
1 0.03 0 135 
1 0.03 123 0 
1 0.03 134 0 
1 0.03 132 0 
1 0.03 127 0 
1 0.03 0 130 
1 0.03 0 133 
1 0.03 0 126 
1 0.03 142 0 
1 0.04 0 0 
1 0.04 98 0 
1 0.04 97 0 
1 0.03 132 0 
1 0.04 67 0 
1 0.04 0 90 
1 0.04 0 0 
1 0.04 0 88 
1 0.04 87 0 
1 0.04 99 0 
1 0.04 0 0 
1 0.04 78 0 
1 0.04 98 0 
1 0.04 0 71 
1 0.04 98 0 
1 0.04 66 0 
1 0.04 0 92 
1 0.04 2 0 
1 0.04 0 80 
1 0.04 93 0 
1 0.04 0 76 
1 0.04 0 0 
1 0.04 95 0 
1 0.04 96 0 
1 0.04 0 85 
1 0.04 0 89 
1 0.04 0 102 
1 0.04 0 81 
1 0.04 98 0 
1 0.04 0 80 
1 0.04 0 80 
1 0.04 94 0 
1 0.04 0 88 
1 0.04 0 110 
1 0.04 0 0 
1 0.04 0 88 
1 0.04 0 104 
1 0.04 0 95 
1 0.04 86 0 
1 0.04 0 93 
1 0.04 0 0 
1 0.04 0 0 
1 0.04 86 0 
1 0.04 106 0 
1 0.04 98 0 
1 0.04 85 0 
1 0.04 85 0 
1 0.04 0 0 
1 0.04 94 0 
1 0.05 0 0 
1 0.04 0 82 
1 0.05 0 0 
1 0.05 0 0 
1 0.05 0 0 
1 0.05 0 0 
1 0.05 0 0 
1 0.05 0 0 
1 0.04 108 0 
1 0.05 0 0 
1 0.05 0 0 
1 0.05 0 0 
1 0.05 0 0 
1 0.05 0 0 
1 0.05 0 0 
1 0.05 0 0 
1 0.05 0 0 
1 0.05 0 0 
1 0.05 0 0 
1 0.05 0 0 
1 0.05 0 0 
1 0.05 0 0 
1 0.05 0 0 
1 0.05 0 0 
1 0.05 0 0 
1 0.05 0 0 
1 0.05 0 0 
1 0.05 0 0 
1 0.05 0 0 
1 0.05 0 0 
1 0.05 0 0 
1 0.05 0 0 
1 0.05 0 0 
1 0.05 0 0 
1 0.05 0 0 
1 0.05 0 0 
1 0.05 0 0 
1 0.05 0 0 
1 0.05 0 0 
1 0.05 0 0 
1 0.05 0 0 
1 0.05 0 0 
1 0.05 0 0 
1 0.05 0 0 
1 0.05 0 0 
1 0.05 0 0 
1 0.05 0 0 
1 0.05 0 0 
1 0.05 0 0 
1 0.05 0 0 
1 0.05 0 0 
1 0.08 0 0 
1 0.08 0 0 
1 0.08 0 0 
1 0.08 0 0 
1 0.05 0 0 
1 0.08 0 0 
1 0.08 0 0 
1 0.08 0 0 
1 0.08 0 0 
1 0.08 0 0 
1 0.08 0 0 
1 0.08 0 0 
1 0.08 0 0 
1 0.08 0 0 
1 0.08 0 0 
1 0.08 0 0 
1 0.08 0 0 
1 0.08 0 0 
1 0.08 0 0 
1 0.08 0 0 
1 0.08 0 0 
1 0.08 0 0 
1 0.08 0 0 
1 0.08 0 0 
1 0.08 0 0 
1 0.08 0 0 
1 0.08 0 0 
1 0.08 0 0 
1 0.08 0 0 
1 0.08 0 0 
1 0.08 0 0 
1 0.08 0 0 
1 0.08 0 0 
1 0.08 0 0 
1 0.08 0 0 
1 0.08 0 0 
1 0.08 0 0 
1 0.08 0 0 
1 0.08 0 0 
1 0.08 0 0 
1 0.08 0 0 
1 0.08 0 0 
1 0.08 0 0 
1 0.08 0 0 
1 0.08 0 0 
1 0.08 0 0 
1 0.08 0 0 
1 0.08 0 0 
1 0.08 0 0 
1 0.08 0 0 
1 0.08 0 0 
5 0.01 397 6 
5 0.01 392 3 
5 0.01 406 3 
5 0.01 407 0 
5 0.01 3 382 
5 0.01 384 1 
5 0.01 395 3 
5 0.01 2 400 
5 0.01 377 2 
5 0.01 377 10 
5 0.01 2 391 
5 0.01 17 387 
5 0.01 3 388 
5 0.01 375 8 
5 0.01 5 377 
5 0.01 2 408 
5 0.01 406 4 
5 0.01 401 1 
5 0.01 409 2 
5 0.01 386 0 
5 0.01 396 2 
5 0.01 407 3 
5 0.01 32 361 
5 0.01 4 389 
5 0.01 414 8 
5 0.01 386 7 
5 0.01 397 15 
5 0.01 21 379 
5 0.01 13 400 
5 0.01 401 7 
5 0.01 67 349 
5 0.01 381 7 
5 0.01 5 387 
5 0.01 404 1 
5 0.01 394 7 
5 0.01 395 11 
5 0.01 405 6 
5 0.01 394 2 
5 0.01 0 403 
5 0.01 2 369 
5 0.01 379 8 
5 0.01 393 7 
5 0.01 405 1 
5 0.01 4 400 
5 0.01 8 389 
5 0.01 9 404 
5 0.01 384 3 
5 0.01 395 2 
5 0.02 187 0 
5 0.01 390 2 
5 0.02 0 170 
5 0.01 9 388 
5 0.02 207 0 
5 0.02 208 0 
5 0.02 0 197 
5 0.02 0 186 
5 0.02 217 0 
5 0.02 5 202 
5 0.02 184 0 
5 0.02 200 0 
5 0.02 0 186 
5 0.02 200 0 
5 0.02 216 0 
5 0.02 198 0 
5 0.02 1 219 
5 0.02 205 0 
5 0.02 206 0 
5 0.02 0 193 
5 0.02 0 203 
5 0.02 0 192 
5 0.02 202 0 
5 0.02 0 223 
5 0.02 203 0 
5 0.02 0 185 
5 0.02 190 0 
5 0.02 0 200 
5 0.02 187 0 
5 0.02 0 212 
5 0.02 0 176 
5 0.02 194 0 
5 0.02 0 200 
5 0.02 0 196 
5 0.02 195 0 
5 0.02 206 0 
5 0.02 0 188 
5 0.02 0 203 
5 0.02 0 194 
5 0.02 0 192 
5 0.02 216 0 
5 0.02 0 207 
5 0.02 207 0 
5 0.02 0 197 
5 0.02 189 0 
5 0.02 188 0 
5 0.02 180 0 
5 0.02 201 0 
5 0.02 0 216 
5 0.02 195 0 
5 0.03 0 139 
5 0.03 0 134 
5 0.02 0 207 
5 0.02 0 194 
5 0.03 115 0 
5 0.03 137 0 
5 0.03 0 133 
5 0.03 0 129 
5 0.03 0 110 
5 0.03 129 0 
5 0.03 0 123 
5 0.03 117 0 
5 0.03 0 141 
5 0.03 123 0 
5 0.03 0 130 
5 0.03 0 128 
5 0.03 114 0 
5 0.03 136 0 
5 0.03 0 123 
5 0.03 0 130 
5 0.03 133 0 
5 0.03 134 0 
5 0.03 139 0 
5 0.03 0 136 
5 0.03 0 151 
5 0.03 0 119 
5 0.03 0 126 
5 0.03 143 0 
5 0.03 0 135 
5 0.03 0 130 
5 0.03 0 135 
5 0.03 117 0 
5 0.03 0 118 
5 0.03 120 0 
5 0.03 130 0 
5 0.03 0 126 
5 0.03 141 0 
5 0.03 0 136 
5 0.03 0 129 
5 0.03 0 132 
5 0.03 0 117 
5 0.03 119 0 
5 0.03 0 135 
5 0.03 126 0 
5 0.03 134 0 
5 0.03 137 0 
5 0.03 131 0 
5 0.03 129 0 
5 0.03 122 0 
5 0.03 121 0 
5 0.03 136 0 
5 0.03 153 0 
5 0.04 0 0 
5 0.04 0 95 
5 0.04 0 90 
5 0.04 84 0 
5 0.04 0 105 
5 0.04 86 0 
5 0.04 88 0 
5 0.04 93 0 
5 0.04 84 0 
5 0.04 95 0 
5 0.04 86 0 
5 0.04 109 0 
5 0.04 0 0 
5 0.04 0 0 
5 0.04 0 86 
5 0.04 82 0 
5 0.04 0 88 
5 0.04 0 99 
5 0.04 77 0 
5 0.04 98 0 
5 0.04 0 0 
5 0.04 95 0 
5 0.04 0 92 
5 0.04 82 0 
5 0.04 0 90 
5 0.04 84 0 
5 0.04 106 0 
5 0.04 0 85 
5 0.04 0 98 
5 0.04 0 87 
5 0.04 0 87 
5 0.04 0 85 
5 0.04 0 87 
5 0.04 0 103 
5 0.04 0 0 
5 0.04 86 0 
5 0.04 0 0 
5 0.04 0 97 
5 0.04 0 90 
5 0.04 0 0 
5 0.04 103 0 
5 0.04 0 68 
5 0.04 0 80 
5 0.04 86 0 
5 0.04 0 0 
5 0.04 100 0 
5 0.04 0 99 
5 0.05 0 0 
5 0.04 93 0 
5 0.05 0 0 
5 0.05 0 0 
5 0.04 0 79 
5 0.05 0 0 
5 0.05 0 0 
5 0.04 0 99 
5 0.05 0 0 
5 0.05 0 0 
5 0.05 0 0 
5 0.05 0 0 
5 0.05 0 0 
5 0.05 0 0 
5 0.05 0 0 
5 0.05 0 0 
5 0.05 0 0 
5 0.05 0 0 
5 0.05 0 0 
5 0.05 0 0 
5 0.05 0 0 
5 0.05 0 0 
5 0.05 0 0 
5 0.05 0 0 
5 0.05 0 0 
5 0.05 0 0 
5 0.05 0 0 
5 0.05 0 0 
5 0.05 0 0 
5 0.05 0 0 
5 0.05 0 0 
5 0.05 0 0 
5 0.05 0 0 
5 0.05 0 0 
5 0.05 0 0 
5 0.05 0 0 
5 0.05 0 0 
5 0.05 0 0 
5 0.05 0 0 
5 0.05 0 0 
5 0.05 0 0 
5 0.05 0 0 
5 0.05 0 0 
5 0.05 0 0 
5 0.05 0 0 
5 0.05 0 0 
5 0.05 0 0 
5 0.05 0 0 
5 0.05 0 0 
5 0.05 0 0 
5 0.05 0 0 
5 0.05 0 0 
5 0.08 0 0 
5 0.08 0 0 
5 0.08 0 0 
5 0.08 0 0 
5 0.08 0 0 
5 0.08 0 0 
5 0.05 0 0 
5 0.08 0 0 
5 0.08 0 0 
5 0.08 0 0 
5 0.08 0 0 
5 0.08 0 0 
5 0.08 0 0 
5 0.08 0 0 
5 0.08 0 0 
5 0.08 0 0 
5 0.08 0 0 
5 0.08 0 0 
5 0.08 0 0 
5 0.08 0 0 
5 0.08 0 0 
5 0.08 0 0 
5 0.08 0 0 
5 0.08 0 0 
5 0.08 0 0 
5 0.08 0 0 
5 0.08 0 0 
5 0.08 0 0 
5 0.08 0 0 
5 0.08 0 0 
5 0.08 0 0 
5 0.08 0 0 
5 0.08 0 0 
5 0.08 0 0 
5 0.08 0 0 
5 0.08 0 0 
5 0.08 0 0 
5 0.08 0 0 
5 0.08 0 0 
5 0.08 0 0 
5 0.08 0 0 
5 0.08 0 0 
5 0.08 0 0 
5 0.08 0 0 
5 0.08 0 0 
5 0.08 0 0 
5 0.08 0 0 
5 0.08 0 0 
5 0.08 0 0 
5 0.08 0 0 
5 0.08 0 0 
10 0.01 0 387 
10 0.01 3 380 
10 0.01 2 365 
10 0.01 412 0 
10 0.01 3 370 
10 0.01 396 12 
10 0.01 2 396 
10 0.01 399 4 
10 0.01 383 7 
10 0.01 401 0 
10 0.01 423 2 
10 0.01 3 394 
10 0.01 3 398 
10 0.01 374 5 
10 0.01 401 4 
10 0.01 412 0 
10 0.01 384 10 
10 0.01 0 378 
10 0.01 5 401 
10 0.01 424 2 
10 0.01 1 403 
10 0.01 14 411 
10 0.01 1 406 
10 0.01 427 2 
10 0.01 4 386 
10 0.01 23 346 
10 0.01 11 379 
10 0.01 2 408 
10 0.01 404 1 
10 0.01 4 401 
10 0.01 434 1 
10 0.01 407 3 
10 0.01 35 361 
10 0.01 3 398 
10 0.01 2 402 
10 0.01 380 8 
10 0.01 10 383 
10 0.01 0 383 
10 0.01 0 378 
10 0.01 389 1 
10 0.01 366 5 
10 0.01 392 3 
10 0.01 2 397 
10 0.01 381 3 
10 0.01 382 4 
10 0.01 3 405 
10 0.01 3 415 
10 0.01 0 412 
10 0.01 420 7 
10 0.02 198 0 
10 0.01 3 398 
10 0.02 196 0 
10 0.02 0 192 
10 0.02 204 0 
10 0.02 197 0 
10 0.02 0 206 
10 0.02 200 0 
10 0.02 0 200 
10 0.02 1 186 
10 0.02 197 0 
10 0.02 211 0 
10 0.02 0 198 
10 0.02 190 0 
10 0.02 201 0 
10 0.02 198 0 
10 0.02 0 198 
10 0.02 196 0 
10 0.02 180 0 
10 0.02 189 0 
10 0.02 0 199 
10 0.02 0 214 
10 0.02 0 210 
10 0.02 206 0 
10 0.02 0 182 
10 0.02 201 0 
10 0.02 0 197 
10 0.02 0 194 
10 0.02 198 0 
10 0.02 0 198 
10 0.02 0 196 
10 0.02 0 199 
10 0.02 0 196 
10 0.02 0 202 
10 0.02 196 0 
10 0.02 191 0 
10 0.02 197 0 
10 0.02 0 184 
10 0.02 0 205 
10 0.02 199 0 
10 0.02 209 0 
10 0.02 0 196 
10 0.02 185 0 
10 0.02 0 198 
10 0.02 199 0 
10 0.02 200 0 
10 0.02 198 0 
10 0.02 0 192 
10 0.02 215 0 
10 0.02 211 0 
10 0.03 107 0 
10 0.02 205 0 
10 0.03 128 0 
10 0.03 129 0 
10 0.03 0 132 
10 0.03 0 146 
10 0.03 0 137 
10 0.03 140 0 
10 0.03 122 0 
10 0.03 0 118 
10 0.03 0 147 
10 0.03 126 0 
10 0.03 0 127 
10 0.03 130 0 
10 0.03 0 116 
10 0.03 126 0 
10 0.03 131 0 
10 0.03 0 141 
10 0.03 142 0 
10 0.03 0 136 
10 0.03 0 127 
10 0.03 132 0 
10 0.03 136 0 
10 0.03 134 0 
10 0.03 0 120 
10 0.03 115 0 
10 0.03 111 0 
10 0.03 138 0 
10 0.03 0 140 
10 0.03 0 135 
10 0.03 0 136 
10 0.03 134 0 
10 0.03 130 0 
10 0.03 0 121 
10 0.03 123 0 
10 0.03 132 0 
10 0.03 0 137 
10 0.03 0 128 
10 0.03 0 129 
10 0.03 0 115 
10 0.03 126 0 
10 0.03 137 0 
10 0.03 135 0 
10 0.03 129 0 
10 0.03 0 134 
10 0.03 0 127 
10 0.03 132 0 
10 0.03 151 0 
10 0.03 0 129 
10 0.03 149 0 
10 0.03 128 0 
10 0.04 0 90 
10 0.04 0 83 
10 0.04 2 0 
10 0.04 0 90 
10 0.04 0 92 
10 0.04 0 100 
10 0.04 0 81 
10 0.04 0 0 
10 0.04 0 0 
10 0.04 77 0 
10 0.04 0 0 
10 0.04 88 0 
10 0.04 79 0 
10 0.04 53 0 
10 0.04 0 0 
10 0.04 0 75 
10 0.04 0 98 
10 0.04 0 0 
10 0.04 88 0 
10 0.04 0 90 
10 0.04 90 0 
10 0.04 0 82 
10 0.04 0 77 
10 0.04 0 0 
10 0.04 91 0 
10 0.04 0 92 
10 0.04 0 72 
10 0.04 0 99 
10 0.04 0 68 
10 0.04 90 0 
10 0.04 92 0 
10 0.04 0 0 
10 0.04 85 0 
10 0.04 0 85 
10 0.04 0 100 
10 0.04 88 0 
10 0.04 90 0 
10 0.04 102 0 
10 0.04 0 104 
10 0.04 0 88 
10 0.04 0 82 
10 0.04 90 0 
10 0.04 95 0 
10 0.04 91 0 
10 0.04 95 0 
10 0.04 101 0 
10 0.04 93 0 
10 0.05 0 0 
10 0.04 0 91 
10 0.05 0 0 
10 0.05 0 0 
10 0.04 0 82 
10 0.05 0 0 
10 0.05 0 0 
10 0.05 0 0 
10 0.05 0 0 
10 0.04 99 0 
10 0.05 0 0 
10 0.05 0 0 
10 0.05 0 0 
10 0.05 0 0 
10 0.05 0 0 
10 0.05 0 0 
10 0.05 0 0 
10 0.05 0 0 
10 0.05 0 1 
10 0.05 0 0 
10 0.05 0 0 
10 0.05 0 0 
10 0.05 0 0 
10 0.05 0 0 
10 0.05 0 0 
10 0.05 0 0 
10 0.05 0 0 
10 0.05 0 0 
10 0.05 0 0 
10 0.05 0 0 
10 0.05 0 0 
10 0.05 0 0 
10 0.05 0 0 
10 0.05 0 0 
10 0.05 0 0 
10 0.05 0 0 
10 0.05 0 0 
10 0.05 0 0 
10 0.05 0 0 
10 0.05 0 0 
10 0.05 0 0 
10 0.05 0 0 
10 0.05 0 0 
10 0.05 0 0 
10 0.05 0 0 
10 0.05 0 0 
10 0.05 0 0 
10 0.05 0 0 
10 0.05 0 0 
10 0.05 0 0 
10 0.08 0 0 
10 0.05 0 0 
10 0.08 0 0 
10 0.05 0 0 
10 0.08 0 0 
10 0.05 0 0 
10 0.08 0 0 
10 0.08 0 0 
10 0.08 0 0 
10 0.08 0 0 
10 0.08 0 0 
10 0.08 0 0 
10 0.08 0 0 
10 0.08 0 0 
10 0.08 0 0 
10 0.08 0 0 
10 0.08 0 0 
10 0.08 0 0 
10 0.08 0 0 
10 0.08 0 0 
10 0.08 0 0 
10 0.08 0 0 
10 0.08 0 0 
10 0.08 0 0 
10 0.08 0 0 
10 0.08 0 0 
10 0.08 0 0 
10 0.08 0 0 
10 0.08 0 0 
10 0.08 0 0 
10 0.08 0 0 
10 0.08 0 0 
10 0.08 0 0 
10 0.08 0 0 
10 0.08 0 0 
10 0.08 0 0 
10 0.08 0 0 
10 0.08 0 0 
10 0.08 0 0 
10 0.08 0 0 
10 0.08 0 0 
10 0.08 0 0 
10 0.08 0 0 
10 0.08 0 0 
10 0.08 0 0 
10 0.08 0 0 
10 0.08 0 0 
10 0.08 0 0 
10 0.08 0 0 
10 0.08 0 0 
10 0.08 0 0 
10 0.08 0 0 
10 0.08 0 0 
15 0.01 366 8 
15 0.01 35 358 
15 0.01 406 2 
15 0.01 5 396 
15 0.01 7 407 
15 0.01 3 397 
15 0.01 5 372 
15 0.01 378 23 
15 0.01 3 405 
15 0.01 161 232 
15 0.01 418 2 
15 0.01 380 5 
15 0.01 393 5 
15 0.01 418 1 
15 0.01 392 1 
15 0.01 401 8 
15 0.01 377 4 
15 0.01 382 4 
15 0.01 395 0 
15 0.01 4 391 
15 0.01 3 408 
15 0.01 404 4 
15 0.01 360 12 
15 0.01 395 6 
15 0.01 2 389 
15 0.01 0 399 
15 0.01 3 410 
15 0.01 393 6 
15 0.01 389 6 
15 0.01 2 393 
15 0.01 2 396 
15 0.01 22 385 
15 0.01 400 2 
15 0.01 398 2 
15 0.01 403 0 
15 0.01 11 392 
15 0.01 376 9 
15 0.01 406 4 
15 0.01 390 3 
15 0.01 6 406 
15 0.01 396 5 
15 0.01 1 390 
15 0.01 374 5 
15 0.01 1 397 
15 0.01 393 3 
15 0.01 383 3 
15 0.01 398 11 
15 0.01 368 25 
15 0.01 5 373 
15 0.02 197 0 
15 0.01 394 2 
15 0.02 0 202 
15 0.02 0 203 
15 0.02 220 0 
15 0.02 194 0 
15 0.02 0 198 
15 0.02 0 204 
15 0.02 199 1 
15 0.02 0 211 
15 0.02 200 0 
15 0.02 196 0 
15 0.02 208 0 
15 0.02 204 0 
15 0.02 0 200 
15 0.02 0 212 
15 0.02 0 171 
15 0.02 197 0 
15 0.02 214 0 
15 0.02 208 1 
15 0.02 0 202 
15 0.02 0 209 
15 0.02 199 0 
15 0.02 0 223 
15 0.02 0 206 
15 0.02 0 197 
15 0.02 201 1 
15 0.02 0 210 
15 0.02 208 0 
15 0.02 0 197 
15 0.02 194 0 
15 0.02 201 0 
15 0.02 200 0 
15 0.02 0 212 
15 0.02 223 0 
15 0.02 189 0 
15 0.02 0 202 
15 0.02 191 0 
15 0.02 0 201 
15 0.02 0 202 
15 0.02 204 0 
15 0.02 191 0 
15 0.02 0 204 
15 0.02 186 0 
15 0.02 0 206 
15 0.02 0 209 
15 0.02 0 214 
15 0.02 0 205 
15 0.02 193 0 
15 0.02 0 192 
15 0.02 202 0 
15 0.03 134 0 
15 0.03 0 138 
15 0.03 0 121 
15 0.03 0 132 
15 0.03 128 0 
15 0.03 122 0 
15 0.03 130 0 
15 0.03 128 0 
15 0.03 0 126 
15 0.03 137 0 
15 0.03 124 0 
15 0.03 0 141 
15 0.03 138 0 
15 0.03 131 0 
15 0.03 133 0 
15 0.03 0 123 
15 0.03 0 121 
15 0.03 128 0 
15 0.03 125 0 
15 0.03 140 0 
15 0.03 116 0 
15 0.03 0 142 
15 0.03 0 134 
15 0.03 0 133 
15 0.03 132 0 
15 0.03 114 0 
15 0.03 136 0 
15 0.03 136 0 
15 0.03 0 131 
15 0.03 114 0 
15 0.03 0 117 
15 0.03 0 119 
15 0.03 127 0 
15 0.03 0 140 
15 0.03 0 131 
15 0.03 130 0 
15 0.03 123 0 
15 0.03 0 134 
15 0.03 0 142 
15 0.03 0 135 
15 0.03 138 0 
15 0.03 0 120 
15 0.03 124 0 
15 0.03 132 0 
15 0.03 117 0 
15 0.03 0 128 
15 0.03 0 135 
15 0.03 128 0 
15 0.04 0 0 
15 0.04 0 0 
15 0.04 0 0 
15 0.03 135 0 
15 0.03 134 0 
15 0.04 0 89 
15 0.04 50 0 
15 0.04 106 0 
15 0.04 0 0 
15 0.04 94 0 
15 0.04 96 0 
15 0.04 0 99 
15 0.04 0 79 
15 0.04 0 71 
15 0.04 86 0 
15 0.04 84 0 
15 0.04 91 0 
15 0.04 97 0 
15 0.04 107 0 
15 0.04 0 81 
15 0.04 0 84 
15 0.04 0 70 
15 0.04 101 0 
15 0.04 82 0 
15 0.04 0 95 
15 0.04 0 82 
15 0.04 75 0 
15 0.04 91 0 
15 0.04 0 95 
15 0.04 85 0 
15 0.04 0 95 
15 0.04 77 0 
15 0.04 0 92 
15 0.04 0 0 
15 0.04 87 0 
15 0.04 0 104 
15 0.04 0 93 
15 0.04 0 0 
15 0.04 107 0 
15 0.04 95 0 
15 0.04 0 99 
15 0.04 87 0 
15 0.04 69 0 
15 0.04 87 0 
15 0.04 0 97 
15 0.04 0 94 
15 0.04 94 0 
15 0.04 100 0 
15 0.04 0 101 
15 0.04 0 70 
15 0.05 0 0 
15 0.04 102 0 
15 0.05 0 0 
15 0.05 0 0 
15 0.05 0 0 
15 0.05 0 0 
15 0.05 0 0 
15 0.04 0 80 
15 0.05 0 0 
15 0.05 0 0 
15 0.05 0 0 
15 0.05 0 0 
15 0.05 0 0 
15 0.05 0 0 
15 0.05 0 0 
15 0.05 0 0 
15 0.05 0 0 
15 0.05 0 0 
15 0.05 0 0 
15 0.05 0 0 
15 0.05 0 0 
15 0.05 0 0 
15 0.05 0 0 
15 0.05 0 0 
15 0.05 0 0 
15 0.05 0 0 
15 0.05 0 0 
15 0.05 0 0 
15 0.05 0 0 
15 0.05 0 0 
15 0.05 0 0 
15 0.05 0 0 
15 0.05 0 0 
15 0.05 0 0 
15 0.05 0 0 
15 0.05 0 0 
15 0.05 0 0 
15 0.05 0 0 
15 0.05 0 0 
15 0.05 0 0 
15 0.05 0 0 
15 0.05 0 0 
15 0.05 0 0 
15 0.05 0 0 
15 0.05 0 0 
15 0.05 0 0 
15 0.05 0 0 
15 0.05 0 0 
15 0.05 0 0 
15 0.05 0 0 
15 0.05 0 0 
15 0.08 0 0 
15 0.08 0 0 
15 0.05 0 0 
15 0.08 0 0 
15 0.08 0 0 
15 0.08 0 0 
15 0.08 0 0 
15 0.08 0 0 
15 0.08 0 0 
15 0.08 0 0 
15 0.08 0 0 
15 0.08 0 0 
15 0.08 0 0 
15 0.08 0 0 
15 0.08 0 0 
15 0.08 0 0 
15 0.08 0 0 
15 0.08 0 0 
15 0.08 0 0 
15 0.08 0 0 
15 0.08 0 0 
15 0.08 0 0 
15 0.08 0 0 
15 0.08 0 0 
15 0.08 0 0 
15 0.08 0 0 
15 0.08 0 0 
15 0.08 0 0 
15 0.08 0 0 
15 0.08 0 0 
15 0.08 0 0 
15 0.08 0 0 
15 0.08 0 0 
15 0.08 0 0 
15 0.08 0 0 
15 0.08 0 0 
15 0.08 0 0 
15 0.08 0 0 
15 0.08 0 0 
15 0.08 0 0 
15 0.08 0 0 
15 0.08 0 0 
15 0.08 0 0 
15 0.08 0 0 
15 0.08 0 0 
15 0.08 0 0 
15 0.08 0 0 
15 0.08 0 0 
15 0.08 0 0 
15 0.08 0 0 
15 0.08 0 0 
20 0.01 8 365 
20 0.01 385 4 
20 0.01 378 2 
20 0.01 403 12 
20 0.01 402 2 
20 0.01 375 7 
20 0.01 329 54 
20 0.01 2 411 
20 0.01 3 391 
20 0.01 11 382 
20 0.01 6 410 
20 0.01 2 394 
20 0.01 3 383 
20 0.01 8 390 
20 0.01 405 2 
20 0.01 410 3 
20 0.01 404 2 
20 0.01 387 14 
20 0.01 21 401 
20 0.01 1 411 
20 0.01 384 31 
20 0.01 4 388 
20 0.01 1 367 
20 0.01 2 401 
20 0.01 1 402 
20 0.01 4 408 
20 0.01 19 368 
20 0.01 348 33 
20 0.01 408 2 
20 0.01 395 14 
20 0.01 387 1 
20 0.01 8 371 
20 0.01 1 404 
20 0.01 390 1 
20 0.01 6 385 
20 0.01 1 412 
20 0.01 387 5 
20 0.01 365 45 
20 0.01 3 413 
20 0.01 4 409 
20 0.01 385 6 
20 0.01 400 6 
20 0.01 392 0 
20 0.01 411 4 
20 0.01 12 370 
20 0.01 2 419 
20 0.01 4 381 
20 0.02 0 189 
20 0.01 382 12 
20 0.01 4 416 
20 0.01 3 411 
20 0.02 0 204 
20 0.02 189 0 
20 0.02 211 0 
20 0.02 189 0 
20 0.02 0 207 
20 0.02 194 0 
20 0.02 0 218 
20 0.02 213 0 
20 0.02 0 188 
20 0.02 204 0 
20 0.02 0 191 
20 0.02 0 194 
20 0.02 200 0 
20 0.02 207 0 
20 0.02 213 0 
20 0.02 173 2 
20 0.02 0 189 
20 0.02 186 0 
20 0.02 186 0 
20 0.02 0 185 
20 0.02 0 194 
20 0.02 203 0 
20 0.02 202 0 
20 0.02 197 0 
20 0.02 215 0 
20 0.02 218 0 
20 0.02 0 184 
20 0.02 205 0 
20 0.02 3 194 
20 0.02 180 0 
20 0.02 0 208 
20 0.02 0 197 
20 0.02 0 190 
20 0.02 0 204 
20 0.02 201 0 
20 0.02 0 202 
20 0.02 0 198 
20 0.02 197 0 
20 0.02 200 0 
20 0.02 0 195 
20 0.02 189 0 
20 0.02 198 0 
20 0.02 0 193 
20 0.02 0 185 
20 0.02 0 187 
20 0.02 0 199 
20 0.02 0 186 
20 0.02 193 1 
20 0.03 121 0 
20 0.03 0 136 
20 0.02 212 0 
20 0.03 0 132 
20 0.03 0 125 
20 0.03 0 132 
20 0.03 134 0 
20 0.03 133 0 
20 0.03 138 0 
20 0.03 0 108 
20 0.03 0 142 
20 0.03 0 138 
20 0.03 125 0 
20 0.03 0 138 
20 0.03 124 0 
20 0.03 109 0 
20 0.03 0 119 
20 0.03 128 0 
20 0.03 138 0 
20 0.03 148 0 
20 0.03 135 0 
20 0.03 0 139 
20 0.03 0 130 
20 0.03 136 0 
20 0.03 130 0 
20 0.03 0 139 
20 0.03 0 133 
20 0.03 119 0 
20 0.03 133 0 
20 0.03 128 0 
20 0.03 127 0 
20 0.03 123 0 
20 0.03 128 0 
20 0.03 0 133 
20 0.03 0 137 
20 0.03 133 0 
20 0.03 0 136 
20 0.03 0 132 
20 0.03 0 136 
20 0.03 0 142 
20 0.03 0 147 
20 0.03 146 0 
20 0.03 0 124 
20 0.03 123 0 
20 0.03 141 0 
20 0.03 132 0 
20 0.03 0 121 
20 0.03 0 134 
20 0.03 147 0 
20 0.04 0 0 
20 0.04 0 0 
20 0.04 0 104 
20 0.03 142 0 
20 0.03 0 135 
20 0.04 77 0 
20 0.04 90 0 
20 0.04 91 0 
20 0.04 0 97 
20 0.04 68 0 
20 0.04 0 2 
20 0.04 102 0 
20 0.04 0 100 
20 0.04 88 0 
20 0.04 0 78 
20 0.04 0 0 
20 0.04 0 87 
20 0.04 0 0 
20 0.04 0 96 
20 0.04 0 0 
20 0.04 99 0 
20 0.04 0 76 
20 0.04 90 0 
20 0.04 0 87 
20 0.04 0 0 
20 0.04 0 83 
20 0.04 81 0 
20 0.04 0 66 
20 0.04 0 81 
20 0.04 0 100 
20 0.04 0 0 
20 0.04 0 83 
20 0.04 84 0 
20 0.04 0 104 
20 0.04 0 0 
20 0.04 0 0 
20 0.04 98 0 
20 0.04 0 81 
20 0.04 0 75 
20 0.04 0 84 
20 0.04 0 69 
20 0.04 0 95 
20 0.04 0 92 
20 0.04 91 0 
20 0.04 0 80 
20 0.04 0 0 
20 0.04 0 89 
20 0.04 0 85 
20 0.04 0 97 
20 0.04 0 0 
20 0.05 0 0 
20 0.05 0 0 
20 0.04 0 0 
20 0.04 0 87 
20 0.05 0 0 
20 0.05 0 0 
20 0.05 0 0 
20 0.05 0 0 
20 0.05 0 0 
20 0.05 0 0 
20 0.05 0 0 
20 0.05 0 0 
20 0.05 0 0 
20 0.05 0 0 
20 0.05 0 0 
20 0.05 0 0 
20 0.05 0 0 
20 0.05 0 0 
20 0.05 0 0 
20 0.05 0 0 
20 0.05 0 0 
20 0.05 0 0 
20 0.05 0 0 
20 0.05 0 0 
20 0.05 0 0 
20 0.05 0 0 
20 0.05 0 0 
20 0.05 0 0 
20 0.05 0 0 
20 0.05 0 0 
20 0.05 0 0 
20 0.05 0 0 
20 0.05 0 0 
20 0.05 0 0 
20 0.05 0 0 
20 0.05 0 0 
20 0.05 0 0 
20 0.05 0 0 
20 0.05 0 0 
20 0.05 0 0 
20 0.05 0 0 
20 0.05 0 0 
20 0.05 0 0 
20 0.05 0 0 
20 0.05 0 0 
20 0.05 0 0 
20 0.05 0 0 
20 0.05 0 0 
20 0.05 0 0 
20 0.05 0 0 
20 0.05 0 0 
20 0.08 0 0 
20 0.08 0 0 
20 0.08 0 0 
20 0.05 0 0 
20 0.08 0 0 
20 0.08 0 0 
20 0.08 0 0 
20 0.08 0 0 
20 0.08 0 0 
20 0.08 0 0 
20 0.08 0 0 
20 0.08 0 0 
20 0.08 0 0 
20 0.08 0 0 
20 0.08 0 0 
20 0.08 0 0 
20 0.08 0 0 
20 0.08 0 0 
20 0.08 0 0 
20 0.08 0 0 
20 0.08 0 0 
20 0.08 0 0 
20 0.08 0 0 
20 0.08 0 0 
20 0.08 0 0 
20 0.08 0 0 
20 0.08 0 0 
20 0.08 0 0 
20 0.08 0 0 
20 0.08 0 0 
20 0.08 0 0 
20 0.08 0 0 
20 0.08 0 0 
20 0.08 0 0 
20 0.08 0 0 
20 0.08 0 0 
20 0.08 0 0 
20 0.08 0 0 
20 0.08 0 0 
20 0.08 0 0 
20 0.08 0 0 
20 0.08 0 0 
20 0.08 0 0 
20 0.08 0 0 
20 0.08 0 0 
20 0.08 0 0 
20 0.08 0 0 
20 0.08 0 0 
20 0.08 0 0 
20 0.08 0 0 
20 0.08 0 0 
30 0.01 375 4 
30 0.01 398 3 
30 0.01 395 2 
30 0.01 4 419 
30 0.01 391 2 
30 0.01 401 4 
30 0.01 393 3 
30 0.01 3 358 
30 0.01 385 4 
30 0.01 397 7 
30 0.01 404 1 
30 0.01 8 390 
30 0.01 393 5 
30 0.01 400 0 
30 0.01 427 2 
30 0.01 6 405 
30 0.01 372 2 
30 0.01 391 3 
30 0.01 409 9 
30 0.01 4 362 
30 0.01 381 13 
30 0.01 332 93 
30 0.01 0 366 
30 0.01 10 373 
30 0.01 432 3 
30 0.01 31 388 
30 0.01 11 397 
30 0.01 5 373 
30 0.01 158 204 
30 0.01 17 379 
30 0.01 10 374 
30 0.01 398 2 
30 0.01 101 300 
30 0.01 400 1 
30 0.01 4 405 
30 0.01 2 411 
30 0.01 1 403 
30 0.01 363 5 
30 0.01 1 427 
30 0.01 5 402 
30 0.01 393 0 
30 0.01 392 1 
30 0.01 5 371 
30 0.01 422 3 
30 0.01 391 6 
30 0.01 419 2 
30 0.01 7 378 
30 0.02 0 189 
30 0.01 1 393 
30 0.01 403 7 
30 0.01 1 389 
30 0.02 187 1 
30 0.02 1 205 
30 0.02 209 0 
30 0.02 0 222 
30 0.02 197 0 
30 0.02 0 194 
30 0.02 194 0 
30 0.02 205 0 
30 0.02 0 208 
30 0.02 0 203 
30 0.02 187 0 
30 0.02 0 208 
30 0.02 195 0 
30 0.02 0 206 
30 0.02 0 201 
30 0.02 213 0 
30 0.02 189 1 
30 0.02 0 212 
30 0.02 0 200 
30 0.02 0 209 
30 0.02 0 195 
30 0.02 206 0 
30 0.02 203 0 
30 0.02 0 195 
30 0.02 194 0 
30 0.02 177 0 
30 0.02 205 1 
30 0.02 0 194 
30 0.02 0 194 
30 0.02 197 0 
30 0.02 200 0 
30 0.02 186 0 
30 0.02 0 202 
30 0.02 188 0 
30 0.02 189 0 
30 0.02 201 0 
30 0.02 0 214 
30 0.02 0 211 
30 0.02 193 0 
30 0.02 0 207 
30 0.02 210 0 
30 0.02 185 0 
30 0.02 0 186 
30 0.02 0 202 
30 0.02 201 0 
30 0.02 188 0 
30 0.02 0 187 
30 0.02 0 202 
30 0.03 0 126 
30 0.02 173 0 
30 0.03 0 132 
30 0.03 133 0 
30 0.03 0 109 
30 0.03 129 0 
30 0.03 137 0 
30 0.03 0 126 
30 0.03 0 123 
30 0.03 136 0 
30 0.03 0 118 
30 0.03 0 133 
30 0.03 0 108 
30 0.03 126 0 
30 0.03 132 0 
30 0.03 0 129 
30 0.03 125 0 
30 0.03 0 143 
30 0.03 137 0 
30 0.03 115 0 
30 0.03 0 138 
30 0.03 0 132 
30 0.03 0 113 
30 0.03 0 113 
30 0.03 121 0 
30 0.03 131 0 
30 0.03 139 0 
30 0.03 0 125 
30 0.03 126 0 
30 0.03 0 132 
30 0.03 118 0 
30 0.03 0 133 
30 0.03 0 124 
30 0.03 149 0 
30 0.03 125 0 
30 0.03 0 134 
30 0.03 0 134 
30 0.03 125 0 
30 0.03 130 0 
30 0.03 126 0 
30 0.03 0 133 
30 0.03 0 121 
30 0.03 0 128 
30 0.03 125 0 
30 0.03 132 0 
30 0.03 0 126 
30 0.03 140 0 
30 0.03 0 119 
30 0.03 0 134 
30 0.03 0 149 
30 0.04 0 94 
30 0.03 144 0 
30 0.04 0 0 
30 0.04 99 0 
30 0.04 88 0 
30 0.04 93 0 
30 0.04 0 98 
30 0.04 94 0 
30 0.04 0 111 
30 0.04 88 0 
30 0.04 0 89 
30 0.04 0 100 
30 0.04 94 0 
30 0.04 0 89 
30 0.04 0 91 
30 0.04 90 0 
30 0.04 76 0 
30 0.04 0 91 
30 0.04 0 96 
30 0.04 0 0 
30 0.04 0 98 
30 0.04 0 80 
30 0.04 96 0 
30 0.04 0 100 
30 0.04 81 0 
30 0.04 0 0 
30 0.04 76 0 
30 0.04 2 0 
30 0.04 85 0 
30 0.04 92 0 
30 0.04 84 0 
30 0.04 96 0 
30 0.04 0 0 
30 0.04 0 0 
30 0.04 0 0 
30 0.04 84 0 
30 0.04 95 0 
30 0.04 107 0 
30 0.04 0 90 
30 0.04 0 84 
30 0.04 0 115 
30 0.04 0 0 
30 0.04 84 0 
30 0.04 0 84 
30 0.04 99 0 
30 0.04 82 0 
30 0.04 0 90 
30 0.04 0 97 
30 0.05 0 0 
30 0.04 103 0 
30 0.05 0 0 
30 0.05 0 0 
30 0.04 104 0 
30 0.04 99 0 
30 0.05 0 0 
30 0.05 0 0 
30 0.05 0 0 
30 0.05 0 0 
30 0.05 0 0 
30 0.05 0 0 
30 0.05 0 0 
30 0.05 0 0 
30 0.05 0 0 
30 0.05 0 0 
30 0.05 0 0 
30 0.05 0 0 
30 0.05 0 0 
30 0.05 0 0 
30 0.05 0 0 
30 0.05 0 0 
30 0.05 0 0 
30 0.05 0 0 
30 0.05 0 0 
30 0.05 0 0 
30 0.05 0 0 
30 0.05 0 0 
30 0.05 0 0 
30 0.05 0 0 
30 0.05 0 0 
30 0.05 0 0 
30 0.05 0 0 
30 0.05 0 0 
30 0.05 0 0 
30 0.05 0 0 
30 0.05 0 0 
30 0.05 0 0 
30 0.05 0 0 
30 0.05 0 0 
30 0.05 0 0 
30 0.05 0 0 
30 0.05 0 0 
30 0.05 0 0 
30 0.05 0 0 
30 0.05 0 0 
30 0.05 0 0 
30 0.05 0 0 
30 0.05 0 0 
30 0.05 0 0 
30 0.08 0 0 
30 0.05 0 0 
30 0.05 0 0 
30 0.05 0 0 
30 0.08 0 0 
30 0.08 0 0 
30 0.08 0 0 
30 0.08 0 0 
30 0.08 0 0 
30 0.08 0 0 
30 0.08 0 0 
30 0.08 0 0 
30 0.08 0 0 
30 0.08 0 0 
30 0.08 0 0 
30 0.08 0 0 
30 0.08 0 0 
30 0.08 0 0 
30 0.08 0 0 
30 0.08 0 0 
30 0.08 0 0 
30 0.08 0 0 
30 0.08 0 0 
30 0.08 0 0 
30 0.08 0 0 
30 0.08 0 0 
30 0.08 0 0 
30 0.08 0 0 
30 0.08 0 0 
30 0.08 0 0 
30 0.08 0 0 
30 0.08 0 0 
30 0.08 0 0 
30 0.08 0 0 
30 0.08 0 0 
30 0.08 0 0 
30 0.08 0 0 
30 0.08 0 0 
30 0.08 0 0 
30 0.08 0 0 
30 0.08 0 0 
30 0.08 0 0 
30 0.08 0 0 
30 0.08 0 0 
30 0.08 0 0 
30 0.08 0 0 
30 0.08 0 0 
30 0.08 0 0 
30 0.08 0 0 
30 0.08 0 0 
30 0.08 0 0 
30 0.08 0 0 
30 0.08 0 0 
40 0.01 11 408 
40 0.01 1 394 
40 0.01 401 3 
40 0.01 420 1 
40 0.01 393 5 
40 0.01 380 1 
40 0.01 4 408 
40 0.01 410 3 
40 0.01 416 0 
40 0.01 39 358 
40 0.01 0 374 
40 0.01 3 398 
40 0.01 420 8 
40 0.01 4 397 
40 0.01 388 2 
40 0.01 372 1 
40 0.01 5 382 
40 0.01 388 3 
40 0.01 381 19 
40 0.01 418 3 
40 0.01 11 397 
40 0.01 6 388 
40 0.01 3 388 
40 0.01 8 398 
40 0.01 375 3 
40 0.01 383 4 
40 0.01 3 415 
40 0.01 2 393 
40 0.01 152 267 
40 0.01 37 348 
40 0.01 2 383 
40 0.01 2 401 
40 0.01 2 395 
40 0.01 0 415 
40 0.01 396 5 
40 0.01 2 391 
40 0.01 403 4 
40 0.01 382 4 
40 0.01 345 66 
40 0.01 4 400 
40 0.01 424 2 
40 0.01 371 1 
40 0.01 366 2 
40 0.01 3 407 
40 0.01 2 382 
40 0.01 386 20 
40 0.01 0 417 
40 0.01 411 1 
40 0.02 174 0 
40 0.01 4 401 
40 0.02 0 190 
40 0.02 0 208 
40 0.01 6 389 
40 0.02 194 0 
40 0.02 215 0 
40 0.02 192 0 
40 0.02 0 191 
40 0.02 0 174 
40 0.02 0 201 
40 0.02 0 189 
40 0.02 0 209 
40 0.02 214 0 
40 0.02 211 0 
40 0.02 209 0 
40 0.02 0 207 
40 0.02 197 0 
40 0.02 187 0 
40 0.02 0 205 
40 0.02 0 207 
40 0.02 200 0 
40 0.02 195 0 
40 0.02 199 0 
40 0.02 186 0 
40 0.02 0 191 
40 0.02 210 0 
40 0.02 0 192 
40 0.02 224 0 
40 0.02 197 0 
40 0.02 1 208 
40 0.02 182 0 
40 0.02 203 0 
40 0.02 177 1 
40 0.02 0 194 
40 0.02 0 184 
40 0.02 0 218 
40 0.02 0 196 
40 0.02 205 0 
40 0.02 213 0 
40 0.02 183 0 
40 0.02 0 193 
40 0.02 200 1 
40 0.02 0 208 
40 0.02 0 199 
40 0.02 208 0 
40 0.02 1 196 
40 0.02 199 0 
40 0.02 195 0 
40 0.02 209 0 
40 0.03 129 0 
40 0.03 0 136 
40 0.02 0 189 
40 0.02 207 0 
40 0.03 136 0 
40 0.03 0 126 
40 0.03 0 123 
40 0.03 0 120 
40 0.03 0 122 
40 0.03 0 144 
40 0.03 0 126 
40 0.03 0 122 
40 0.03 0 123 
40 0.03 0 138 
40 0.03 122 0 
40 0.03 137 0 
40 0.03 0 151 
40 0.03 0 153 
40 0.03 149 0 
40 0.03 0 129 
40 0.03 130 0 
40 0.03 125 0 
40 0.03 0 124 
40 0.03 131 0 
40 0.03 0 120 
40 0.03 0 126 
40 0.03 141 0 
40 0.03 129 0 
40 0.03 0 124 
40 0.03 0 138 
40 0.03 133 0 
40 0.03 0 127 
40 0.03 0 132 
40 0.03 0 131 
40 0.03 130 0 
40 0.03 128 0 
40 0.03 121 0 
40 0.03 134 0 
40 0.03 137 0 
40 0.03 0 139 
40 0.03 131 0 
40 0.03 0 130 
40 0.03 0 116 
40 0.03 142 0 
40 0.03 0 114 
40 0.03 0 136 
40 0.03 0 140 
40 0.03 125 0 
40 0.03 125 0 
40 0.03 133 0 
40 0.03 0 122 
40 0.04 0 96 
40 0.04 0 91 
40 0.03 127 0 
40 0.04 0 0 
40 0.04 95 0 
40 0.04 79 0 
40 0.04 87 0 
40 0.04 0 0 
40 0.04 104 0 
40 0.04 86 0 
40 0.04 76 0 
40 0.04 77 0 
40 0.04 0 84 
40 0.04 101 0 
40 0.04 86 0 
40 0.04 0 92 
40 0.04 0 0 
40 0.04 0 96 
40 0.04 92 0 
40 0.04 95 0 
40 0.04 0 97 
40 0.04 104 0 
40 0.04 94 0 
40 0.04 0 82 
40 0.04 92 0 
40 0.04 91 0 
40 0.04 54 0 
40 0.04 0 79 
40 0.04 0 0 
40 0.04 0 0 
40 0.04 96 0 
40 0.04 82 0 
40 0.04 85 0 
40 0.04 96 0 
40 0.04 0 84 
40 0.04 77 0 
40 0.04 0 82 
40 0.04 0 90 
40 0.04 0 97 
40 0.04 86 0 
40 0.04 0 83 
40 0.04 70 0 
40 0.04 0 88 
40 0.04 78 0 
40 0.04 96 0 
40 0.04 85 0 
40 0.04 101 0 
40 0.04 0 41 
40 0.05 0 0 
40 0.05 0 0 
40 0.04 102 0 
40 0.05 0 0 
40 0.05 0 0 
40 0.05 0 0 
40 0.05 0 0 
40 0.04 104 0 
40 0.05 0 0 
40 0.04 69 0 
40 0.05 0 0 
40 0.05 0 0 
40 0.05 0 0 
40 0.05 0 0 
40 0.05 0 0 
40 0.05 0 0 
40 0.05 0 0 
40 0.05 0 0 
40 0.05 0 0 
40 0.05 0 0 
40 0.05 0 0 
40 0.05 0 0 
40 0.05 0 0 
40 0.05 0 0 
40 0.05 0 0 
40 0.05 0 0 
40 0.05 0 0 
40 0.05 0 0 
40 0.05 0 0 
40 0.05 0 0 
40 0.05 0 0 
40 0.05 0 0 
40 0.05 0 0 
40 0.05 0 0 
40 0.05 0 0 
40 0.05 0 0 
40 0.05 0 0 
40 0.05 0 0 
40 0.05 0 0 
40 0.05 0 0 
40 0.05 0 0 
40 0.05 0 0 
40 0.05 0 0 
40 0.05 0 0 
40 0.05 0 0 
40 0.05 0 0 
40 0.05 0 0 
40 0.05 0 0 
40 0.05 0 0 
40 0.05 0 0 
40 0.08 0 0 
40 0.05 0 0 
40 0.05 0 0 
40 0.08 0 0 
40 0.08 0 0 
40 0.08 0 0 
40 0.05 0 0 
40 0.08 0 0 
40 0.08 0 0 
40 0.08 0 0 
40 0.08 0 0 
40 0.08 0 0 
40 0.08 0 0 
40 0.08 0 0 
40 0.08 0 0 
40 0.08 0 0 
40 0.08 0 0 
40 0.08 0 0 
40 0.08 0 0 
40 0.08 0 0 
40 0.08 0 0 
40 0.08 0 0 
40 0.08 0 0 
40 0.08 0 0 
40 0.08 0 0 
40 0.08 0 0 
40 0.08 0 0 
40 0.08 0 0 
40 0.08 0 0 
40 0.08 0 0 
40 0.08 0 0 
40 0.08 0 0 
40 0.08 0 0 
40 0.08 0 0 
40 0.08 0 0 
40 0.08 0 0 
40 0.08 0 0 
40 0.08 0 0 
40 0.08 0 0 
40 0.08 0 0 
40 0.08 0 0 
40 0.08 0 0 
40 0.08 0 0 
40 0.08 0 0 
40 0.08 0 0 
40 0.08 0 0 
40 0.08 0 0 
40 0.08 0 0 
40 0.08 0 0 
40 0.08 0 0 
40 0.08 0 0 
40 0.08 0 0 
40 0.08 0 0 
50 0.01 393 5 
50 0.01 1 392 
50 0.01 396 4 
50 0.01 66 349 
50 0.01 4 395 
50 0.01 391 1 
50 0.01 8 415 
50 0.01 2 402 
50 0.01 9 398 
50 0.01 5 404 
50 0.01 409 4 
50 0.01 3 396 
50 0.01 13 384 
50 0.01 0 379 
50 0.01 393 5 
50 0.01 380 10 
50 0.01 388 4 
50 0.01 3 426 
50 0.01 339 46 
50 0.01 6 400 
50 0.01 10 393 
50 0.01 389 1 
50 0.01 64 338 
50 0.01 170 199 
50 0.01 383 4 
50 0.01 374 3 
50 0.01 2 376 
50 0.01 76 329 
50 0.01 385 6 
50 0.01 5 408 
50 0.01 3 408 
50 0.01 381 1 
50 0.01 21 400 
50 0.01 405 3 
50 0.01 5 414 
50 0.01 0 382 
50 0.01 390 2 
50 0.01 9 389 
50 0.01 5 393 
50 0.01 390 0 
50 0.01 414 3 
50 0.01 7 405 
50 0.01 4 380 
50 0.01 18 364 
50 0.01 7 404 
50 0.01 2 391 
50 0.01 411 2 
50 0.01 41 356 
50 0.01 416 4 
50 0.02 183 0 
50 0.02 189 0 
50 0.02 0 196 
50 0.01 0 409 
50 0.02 196 0 
50 0.02 216 0 
50 0.02 204 0 
50 0.02 213 0 
50 0.02 0 187 
50 0.02 0 204 
50 0.02 194 0 
50 0.02 177 0 
50 0.02 185 0 
50 0.02 180 0 
50 0.02 0 202 
50 0.02 0 191 
50 0.02 203 0 
50 0.02 191 0 
50 0.02 0 195 
50 0.02 0 202 
50 0.02 198 0 
50 0.02 0 190 
50 0.02 190 1 
50 0.02 210 0 
50 0.02 189 0 
50 0.02 201 1 
50 0.02 198 0 
50 0.02 0 206 
50 0.02 176 0 
50 0.02 0 200 
50 0.02 195 0 
50 0.02 0 205 
50 0.02 202 0 
50 0.02 207 0 
50 0.02 196 0 
50 0.02 200 0 
50 0.02 215 0 
50 0.02 0 183 
50 0.02 199 0 
50 0.02 201 0 
50 0.02 0 182 
50 0.02 214 0 
50 0.02 0 227 
50 0.02 212 1 
50 0.02 197 0 
50 0.02 0 218 
50 0.02 205 0 
50 0.02 0 213 
50 0.02 0 199 
50 0.03 124 0 
50 0.02 0 189 
50 0.02 210 0 
50 0.03 139 0 
50 0.03 0 132 
50 0.03 136 0 
50 0.03 0 108 
50 0.03 0 137 
50 0.03 134 0 
50 0.03 128 0 
50 0.03 135 0 
50 0.03 140 0 
50 0.03 0 134 
50 0.03 143 0 
50 0.03 0 134 
50 0.03 0 137 
50 0.03 0 145 
50 0.03 0 139 
50 0.03 0 145 
50 0.03 0 124 
50 0.03 125 0 
50 0.03 126 0 
50 0.03 0 138 
50 0.03 0 130 
50 0.03 130 0 
50 0.03 115 0 
50 0.03 0 123 
50 0.03 146 0 
50 0.03 0 131 
50 0.03 120 0 
50 0.03 0 133 
50 0.03 123 0 
50 0.03 120 0 
50 0.03 131 0 
50 0.03 0 125 
50 0.03 121 0 
50 0.03 0 123 
50 0.03 0 138 
50 0.03 0 120 
50 0.03 0 136 
50 0.03 0 129 
50 0.03 125 0 
50 0.03 142 0 
50 0.03 134 0 
50 0.03 0 136 
50 0.03 0 138 
50 0.03 0 124 
50 0.03 132 0 
50 0.03 0 132 
50 0.03 131 0 
50 0.04 0 89 
50 0.03 125 0 
50 0.04 0 0 
50 0.03 0 125 
50 0.04 0 0 
50 0.04 74 0 
50 0.04 103 0 
50 0.04 1 0 
50 0.04 0 85 
50 0.04 98 0 
50 0.04 0 0 
50 0.04 0 77 
50 0.04 0 0 
50 0.04 85 0 
50 0.04 91 0 
50 0.04 67 0 
50 0.04 0 74 
50 0.04 0 94 
50 0.04 0 85 
50 0.04 0 0 
50 0.04 0 0 
50 0.04 0 0 
50 0.04 101 0 
50 0.04 100 0 
50 0.04 93 0 
50 0.04 0 0 
50 0.04 0 93 
50 0.04 96 0 
50 0.04 0 0 
50 0.04 0 94 
50 0.04 0 0 
50 0.04 0 101 
50 0.04 0 105 
50 0.04 83 0 
50 0.04 0 0 
50 0.04 0 99 
50 0.04 95 0 
50 0.04 83 0 
50 0.04 0 76 
50 0.04 77 0 
50 0.04 0 93 
50 0.04 0 0 
50 0.04 0 84 
50 0.04 0 105 
50 0.04 86 0 
50 0.04 0 102 
50 0.04 0 82 
50 0.04 78 0 
50 0.04 0 0 
50 0.04 0 99 
50 0.05 0 0 
50 0.04 0 87 
50 0.05 0 0 
50 0.04 93 0 
50 0.05 0 0 
50 0.05 0 0 
50 0.05 0 0 
50 0.05 0 0 
50 0.05 0 0 
50 0.05 0 0 
50 0.05 0 0 
50 0.05 0 0 
50 0.05 0 0 
50 0.05 0 0 
50 0.05 0 0 
50 0.05 0 0 
50 0.05 0 0 
50 0.05 0 0 
50 0.05 0 0 
50 0.05 0 0 
50 0.05 0 0 
50 0.05 0 0 
50 0.05 0 0 
50 0.05 0 0 
50 0.05 0 0 
50 0.05 0 0 
50 0.05 0 0 
50 0.05 0 0 
50 0.05 0 0 
50 0.05 0 0 
50 0.05 0 0 
50 0.05 0 0 
50 0.05 0 0 
50 0.05 0 0 
50 0.05 0 0 
50 0.05 0 0 
50 0.05 0 0 
50 0.05 0 0 
50 0.05 0 0 
50 0.05 0 0 
50 0.05 0 0 
50 0.05 0 0 
50 0.05 0 0 
50 0.05 0 0 
50 0.05 0 0 
50 0.05 0 0 
50 0.05 0 0 
50 0.05 0 0 
50 0.05 0 0 
50 0.05 0 0 
50 0.08 0 0 
50 0.08 0 0 
50 0.05 0 0 
50 0.08 0 0 
50 0.05 0 0 
50 0.08 0 0 
50 0.08 0 0 
50 0.08 0 0 
50 0.08 0 0 
50 0.08 0 0 
50 0.08 0 0 
50 0.08 0 0 
50 0.08 0 0 
50 0.08 0 0 
50 0.08 0 0 
50 0.08 0 0 
50 0.08 0 0 
50 0.08 0 0 
50 0.08 0 0 
50 0.08 0 0 
50 0.08 0 0 
50 0.08 0 0 
50 0.08 0 0 
50 0.08 0 0 
50 0.08 0 0 
50 0.08 0 0 
50 0.08 0 0 
50 0.08 0 0 
50 0.08 0 0 
50 0.08 0 0 
50 0.08 0 0 
50 0.08 0 0 
50 0.08 0 0 
50 0.08 0 0 
50 0.08 0 0 
50 0.08 0 0 
50 0.08 0 0 
50 0.08 0 0 
50 0.08 0 0 
50 0.08 0 0 
50 0.08 0 0 
50 0.08 0 0 
50 0.08 0 0 
50 0.08 0 0 
50 0.08 0 0 
50 0.08 0 0 
50 0.08 0 0 
50 0.08 0 0 
50 0.08 0 0 
50 0.08 0 0 
50 0.08 0 0 
50 0.08 0 0 
60 0.01 3 405 
60 0.01 397 0 
60 0.01 2 403 
60 0.01 7 378 
60 0.01 14 394 
60 0.01 14 368 
60 0.01 2 409 
60 0.01 2 409 
60 0.01 399 8 
60 0.01 7 410 
60 0.01 383 2 
60 0.01 400 8 
60 0.01 364 20 
60 0.01 387 1 
60 0.01 386 1 
60 0.01 402 1 
60 0.01 7 379 
60 0.01 375 2 
60 0.01 400 5 
60 0.01 1 395 
60 0.01 374 19 
60 0.01 4 380 
60 0.01 19 391 
60 0.01 11 403 
60 0.01 6 400 
60 0.01 3 397 
60 0.01 406 4 
60 0.01 11 370 
60 0.01 375 18 
60 0.01 383 2 
60 0.01 385 2 
60 0.01 2 375 
60 0.01 19 393 
60 0.01 1 414 
60 0.01 395 1 
60 0.01 2 394 
60 0.01 390 7 
60 0.01 392 1 
60 0.01 1 379 
60 0.01 2 360 
60 0.01 393 4 
60 0.01 396 6 
60 0.01 1 387 
60 0.01 1 380 
60 0.01 2 418 
60 0.01 3 389 
60 0.01 11 426 
60 0.01 0 402 
60 0.02 192 0 
60 0.02 199 0 
60 0.01 7 392 
60 0.02 0 204 
60 0.01 10 386 
60 0.02 0 207 
60 0.02 0 217 
60 0.02 199 0 
60 0.02 199 0 
60 0.02 0 198 
60 0.02 193 0 
60 0.02 0 189 
60 0.02 187 0 
60 0.02 188 0 
60 0.02 0 192 
60 0.02 0 197 
60 0.02 0 213 
60 0.02 210 0 
60 0.02 0 206 
60 0.02 0 206 
60 0.02 203 0 
60 0.02 0 205 
60 0.02 0 211 
60 0.02 0 214 
60 0.02 0 192 
60 0.02 223 0 
60 0.02 183 0 
60 0.02 216 0 
60 0.02 0 188 
60 0.02 207 0 
60 0.02 204 0 
60 0.02 0 195 
60 0.02 0 189 
60 0.02 0 200 
60 0.02 184 0 
60 0.02 215 0 
60 0.02 0 196 
60 0.02 0 190 
60 0.02 173 0 
60 0.02 0 201 
60 0.02 0 191 
60 0.02 0 212 
60 0.02 0 210 
60 0.02 0 189 
60 0.02 0 206 
60 0.02 202 0 
60 0.02 0 184 
60 0.02 0 198 
60 0.02 0 205 
60 0.02 0 201 
60 0.03 0 136 
60 0.03 132 0 
60 0.02 0 187 
60 0.02 0 210 
60 0.03 132 0 
60 0.03 0 145 
60 0.03 128 0 
60 0.03 0 121 
60 0.03 0 114 
60 0.03 151 0 
60 0.03 130 0 
60 0.03 124 0 
60 0.03 0 133 
60 0.03 0 116 
60 0.03 139 0 
60 0.03 123 0 
60 0.03 0 129 
60 0.03 134 0 
60 0.03 129 0 
60 0.03 0 131 
60 0.03 126 0 
60 0.03 143 0 
60 0.03 0 136 
60 0.03 0 136 
60 0.03 0 136 
60 0.03 0 146 
60 0.03 109 0 
60 0.03 0 129 
60 0.03 0 141 
60 0.03 132 0 
60 0.03 133 0 
60 0.03 116 0 
60 0.03 0 118 
60 0.03 119 0 
60 0.03 0 142 
60 0.03 118 0 
60 0.03 135 0 
60 0.03 115 0 
60 0.03 135 0 
60 0.03 131 0 
60 0.03 0 138 
60 0.03 0 127 
60 0.03 130 0 
60 0.03 129 0 
60 0.03 137 0 
60 0.03 120 0 
60 0.03 148 0 
60 0.03 129 0 
60 0.03 0 136 
60 0.04 0 105 
60 0.03 119 0 
60 0.03 0 116 
60 0.03 127 0 
60 0.04 0 0 
60 0.04 0 0 
60 0.04 0 63 
60 0.04 0 91 
60 0.04 0 97 
60 0.04 71 0 
60 0.04 0 92 
60 0.04 87 0 
60 0.04 98 0 
60 0.04 91 0 
60 0.04 0 89 
60 0.04 0 91 
60 0.04 0 97 
60 0.04 94 0 
60 0.04 0 98 
60 0.04 14 0 
60 0.04 0 75 
60 0.04 100 0 
60 0.04 91 0 
60 0.04 74 0 
60 0.04 0 90 
60 0.04 0 0 
60 0.04 0 0 
60 0.04 0 102 
60 0.04 0 84 
60 0.04 94 0 
60 0.04 109 0 
60 0.04 87 0 
60 0.04 73 0 
60 0.04 106 0 
60 0.04 0 82 
60 0.04 0 0 
60 0.04 82 0 
60 0.04 98 0 
60 0.04 94 0 
60 0.04 100 0 
60 0.04 0 0 
60 0.04 90 0 
60 0.04 93 0 
60 0.04 0 88 
60 0.04 0 0 
60 0.04 0 98 
60 0.04 84 0 
60 0.04 0 97 
60 0.04 0 88 
60 0.04 81 0 
60 0.05 0 0 
60 0.04 0 59 
60 0.05 0 0 
60 0.04 100 0 
60 0.05 0 0 
60 0.05 0 0 
60 0.05 0 0 
60 0.05 0 0 
60 0.05 0 0 
60 0.04 0 95 
60 0.05 0 0 
60 0.05 0 0 
60 0.05 0 0 
60 0.05 0 0 
60 0.05 0 0 
60 0.05 0 0 
60 0.05 0 0 
60 0.05 0 0 
60 0.05 0 0 
60 0.05 0 0 
60 0.05 0 0 
60 0.05 0 0 
60 0.05 0 0 
60 0.05 0 0 
60 0.05 0 0 
60 0.05 0 0 
60 0.05 0 0 
60 0.05 0 0 
60 0.05 0 0 
60 0.05 0 0 
60 0.05 0 0 
60 0.05 0 0 
60 0.05 0 0 
60 0.05 0 0 
60 0.05 0 0 
60 0.05 0 0 
60 0.05 0 0 
60 0.05 0 0 
60 0.05 0 0 
60 0.05 0 0 
60 0.05 0 0 
60 0.05 0 0 
60 0.05 0 0 
60 0.05 0 0 
60 0.05 0 0 
60 0.05 0 0 
60 0.05 0 0 
60 0.05 0 0 
60 0.05 0 0 
60 0.05 0 0 
60 0.08 0 0 
60 0.05 0 0 
60 0.08 0 0 
60 0.08 0 0 
60 0.05 0 0 
60 0.08 0 0 
60 0.05 0 0 
60 0.08 0 0 
60 0.08 0 0 
60 0.08 0 0 
60 0.08 0 0 
60 0.08 0 0 
60 0.08 0 0 
60 0.08 0 0 
60 0.08 0 0 
60 0.08 0 0 
60 0.08 0 0 
60 0.08 0 0 
60 0.08 0 0 
60 0.08 0 0 
60 0.08 0 0 
60 0.08 0 0 
60 0.08 0 0 
60 0.08 0 0 
60 0.08 0 0 
60 0.08 0 0 
60 0.08 0 0 
60 0.08 0 0 
60 0.08 0 0 
60 0.08 0 0 
60 0.08 0 0 
60 0.08 0 0 
60 0.08 0 0 
60 0.08 0 0 
60 0.08 0 0 
60 0.08 0 0 
60 0.08 0 0 
60 0.08 0 0 
60 0.08 0 0 
60 0.08 0 0 
60 0.08 0 0 
60 0.08 0 0 
60 0.08 0 0 
60 0.08 0 0 
60 0.08 0 0 
60 0.08 0 0 
60 0.08 0 0 
60 0.08 0 0 
60 0.08 0 0 
60 0.08 0 0 
60 0.08 0 0 
60 0.08 0 0 
60 0.08 0 0 
70 0.01 369 26 
70 0.01 2 412 
70 0.01 2 373 
70 0.01 387 1 
70 0.01 413 0 
70 0.01 376 1 
70 0.01 33 388 
70 0.01 432 2 
70 0.01 397 1 
70 0.01 405 0 
70 0.01 9 407 
70 0.01 404 8 
70 0.01 370 2 
70 0.01 384 13 
70 0.01 374 1 
70 0.01 373 41 
70 0.01 397 3 
70 0.01 17 404 
70 0.01 382 3 
70 0.01 5 396 
70 0.01 12 387 
70 0.01 409 4 
70 0.01 394 4 
70 0.01 2 401 
70 0.01 366 10 
70 0.01 0 428 
70 0.01 12 379 
70 0.01 3 406 
70 0.01 367 10 
70 0.01 3 390 
70 0.01 6 388 
70 0.01 394 4 
70 0.01 410 7 
70 0.01 2 397 
70 0.01 404 5 
70 0.01 6 408 
70 0.01 385 3 
70 0.01 10 399 
70 0.01 1 393 
70 0.01 17 397 
70 0.01 18 401 
70 0.01 406 2 
70 0.01 396 1 
70 0.01 417 7 
70 0.01 2 377 
70 0.01 415 3 
70 0.01 395 4 
70 0.01 397 3 
70 0.01 0 398 
70 0.02 217 0 
70 0.02 0 195 
70 0.01 4 413 
70 0.02 0 189 
70 0.02 183 0 
70 0.02 0 223 
70 0.02 192 1 
70 0.02 188 0 
70 0.02 189 0 
70 0.02 212 0 
70 0.02 203 0 
70 0.02 200 0 
70 0.02 196 0 
70 0.02 0 179 
70 0.02 0 198 
70 0.02 0 204 
70 0.02 1 206 
70 0.02 0 206 
70 0.02 0 207 
70 0.02 207 0 
70 0.02 0 199 
70 0.02 201 0 
70 0.02 0 180 
70 0.02 195 0 
70 0.02 0 180 
70 0.02 1 205 
70 0.02 0 207 
70 0.02 205 0 
70 0.02 0 198 
70 0.02 192 0 
70 0.02 0 201 
70 0.02 211 0 
70 0.02 192 0 
70 0.02 1 197 
70 0.02 190 0 
70 0.02 190 0 
70 0.02 205 0 
70 0.02 197 0 
70 0.02 187 0 
70 0.02 206 0 
70 0.02 0 208 
70 0.02 197 0 
70 0.02 201 0 
70 0.02 0 179 
70 0.02 196 0 
70 0.02 197 0 
70 0.02 196 0 
70 0.02 199 0 
70 0.02 0 173 
70 0.02 188 0 
70 0.03 0 136 
70 0.03 127 0 
70 0.02 0 193 
70 0.03 0 123 
70 0.03 0 124 
70 0.03 116 0 
70 0.03 0 121 
70 0.03 0 131 
70 0.03 0 140 
70 0.03 136 0 
70 0.03 141 0 
70 0.03 0 121 
70 0.03 0 130 
70 0.03 0 123 
70 0.03 0 125 
70 0.03 131 0 
70 0.03 127 0 
70 0.03 0 150 
70 0.03 121 0 
70 0.03 0 129 
70 0.03 0 132 
70 0.03 0 131 
70 0.03 0 137 
70 0.03 0 130 
70 0.03 0 127 
70 0.03 0 118 
70 0.03 0 110 
70 0.03 141 0 
70 0.03 133 0 
70 0.03 136 0 
70 0.03 0 139 
70 0.03 0 134 
70 0.03 0 136 
70 0.03 0 123 
70 0.03 128 0 
70 0.03 0 137 
70 0.03 0 123 
70 0.03 0 129 
70 0.03 0 131 
70 0.03 0 127 
70 0.03 0 135 
70 0.03 0 128 
70 0.03 0 134 
70 0.03 0 138 
70 0.03 129 0 
70 0.03 0 125 
70 0.03 137 0 
70 0.03 0 131 
70 0.03 0 145 
70 0.03 125 0 
70 0.04 0 98 
70 0.04 0 98 
70 0.04 0 0 
70 0.04 0 87 
70 0.03 0 122 
70 0.04 95 0 
70 0.04 0 96 
70 0.04 103 0 
70 0.04 0 99 
70 0.04 0 0 
70 0.04 0 95 
70 0.04 94 0 
70 0.04 0 69 
70 0.04 0 0 
70 0.04 85 0 
70 0.04 92 0 
70 0.04 98 0 
70 0.04 0 101 
70 0.04 0 0 
70 0.04 85 0 
70 0.04 92 0 
70 0.04 83 0 
70 0.04 0 99 
70 0.04 0 98 
70 0.04 73 0 
70 0.04 0 0 
70 0.04 0 97 
70 0.04 0 0 
70 0.04 83 0 
70 0.04 0 95 
70 0.04 0 75 
70 0.04 0 93 
70 0.04 0 84 
70 0.04 0 0 
70 0.04 84 0 
70 0.04 80 0 
70 0.04 0 0 
70 0.04 0 100 
70 0.04 0 79 
70 0.04 0 89 
70 0.04 0 93 
70 0.04 86 0 
70 0.04 80 0 
70 0.04 0 86 
70 0.04 0 0 
70 0.04 0 92 
70 0.04 103 0 
70 0.04 0 102 
70 0.04 80 0 
70 0.05 0 0 
70 0.05 0 0 
70 0.05 0 0 
70 0.05 0 0 
70 0.05 0 0 
70 0.04 93 0 
70 0.04 0 98 
70 0.05 0 0 
70 0.05 0 0 
70 0.05 0 0 
70 0.05 0 0 
70 0.05 0 0 
70 0.05 0 0 
70 0.05 0 0 
70 0.05 0 0 
70 0.05 0 0 
70 0.05 0 0 
70 0.05 0 0 
70 0.05 0 0 
70 0.05 0 0 
70 0.05 0 0 
70 0.05 0 0 
70 0.05 0 0 
70 0.05 0 0 
70 0.05 0 0 
70 0.05 0 0 
70 0.05 0 0 
70 0.05 0 0 
70 0.05 0 0 
70 0.05 0 0 
70 0.05 0 0 
70 0.05 0 0 
70 0.05 0 0 
70 0.05 0 0 
70 0.05 0 0 
70 0.05 0 0 
70 0.05 0 0 
70 0.05 0 0 
70 0.05 0 0 
70 0.05 0 0 
70 0.05 0 0 
70 0.05 0 0 
70 0.05 0 0 
70 0.05 0 0 
70 0.05 0 0 
70 0.05 0 0 
70 0.05 0 0 
70 0.05 0 0 
70 0.05 0 0 
70 0.05 0 0 
70 0.08 0 0 
70 0.08 0 0 
70 0.08 0 0 
70 0.05 0 0 
70 0.08 0 0 
70 0.08 0 0 
70 0.08 0 0 
70 0.08 0 0 
70 0.08 0 0 
70 0.08 0 0 
70 0.08 0 0 
70 0.05 0 0 
70 0.08 0 0 
70 0.08 0 0 
70 0.08 0 0 
70 0.08 0 0 
70 0.08 0 0 
70 0.08 0 0 
70 0.08 0 0 
70 0.08 0 0 
70 0.08 0 0 
70 0.08 0 0 
70 0.08 0 0 
70 0.08 0 0 
70 0.08 0 0 
70 0.08 0 0 
70 0.08 0 0 
70 0.08 0 0 
70 0.08 0 0 
70 0.08 0 0 
70 0.08 0 0 
70 0.08 0 0 
70 0.08 0 0 
70 0.08 0 0 
70 0.08 0 0 
70 0.08 0 0 
70 0.08 0 0 
70 0.08 0 0 
70 0.08 0 0 
70 0.08 0 0 
70 0.08 0 0 
70 0.08 0 0 
70 0.08 0 0 
70 0.08 0 0 
70 0.08 0 0 
70 0.08 0 0 
70 0.08 0 0 
70 0.08 0 0 
70 0.08 0 0 
70 0.08 0 0 
70 0.08 0 0 
70 0.08 0 0 
80 0.01 5 398 
80 0.01 2 399 
80 0.01 379 1 
80 0.01 2 413 
80 0.01 283 99 
80 0.01 380 30 
80 0.01 7 376 
80 0.01 426 3 
80 0.01 31 380 
80 0.01 2 397 
80 0.01 405 3 
80 0.01 385 4 
80 0.01 378 3 
80 0.01 2 388 
80 0.01 385 2 
80 0.01 306 121 
80 0.01 401 2 
80 0.01 4 401 
80 0.01 405 0 
80 0.01 6 376 
80 0.01 351 50 
80 0.01 418 3 
80 0.01 383 2 
80 0.01 4 412 
80 0.01 336 49 
80 0.01 32 381 
80 0.01 5 409 
80 0.01 402 3 
80 0.01 2 409 
80 0.01 2 386 
80 0.01 8 385 
80 0.01 3 387 
80 0.01 403 9 
80 0.01 373 34 
80 0.01 2 387 
80 0.01 3 408 
80 0.01 6 412 
80 0.01 414 1 
80 0.01 9 390 
80 0.01 0 391 
80 0.01 399 0 
80 0.01 5 371 
80 0.01 385 1 
80 0.01 378 32 
80 0.01 418 2 
80 0.01 3 406 
80 0.01 6 367 
80 0.01 375 1 
80 0.02 192 0 
80 0.01 380 8 
80 0.02 0 196 
80 0.02 200 0 
80 0.02 218 0 
80 0.01 32 345 
80 0.02 186 0 
80 0.02 189 0 
80 0.02 183 0 
80 0.02 0 225 
80 0.02 0 194 
80 0.02 188 2 
80 0.02 188 0 
80 0.02 183 0 
80 0.02 195 0 
80 0.02 0 205 
80 0.02 0 186 
80 0.02 192 0 
80 0.02 0 219 
80 0.02 0 216 
80 0.02 0 189 
80 0.02 9 198 
80 0.02 212 0 
80 0.02 0 201 
80 0.02 210 0 
80 0.02 0 198 
80 0.02 0 181 
80 0.02 0 207 
80 0.02 200 0 
80 0.02 207 0 
80 0.02 0 207 
80 0.02 187 0 
80 0.02 216 0 
80 0.02 0 209 
80 0.02 0 206 
80 0.02 207 0 
80 0.02 0 183 
80 0.02 0 179 
80 0.02 0 194 
80 0.02 0 188 
80 0.02 188 0 
80 0.02 199 0 
80 0.02 197 0 
80 0.02 0 202 
80 0.02 196 0 
80 0.02 196 0 
80 0.02 195 0 
80 0.02 193 0 
80 0.02 0 194 
80 0.02 189 0 
80 0.03 0 111 
80 0.02 0 191 
80 0.03 0 125 
80 0.02 189 0 
80 0.03 0 127 
80 0.03 0 138 
80 0.03 0 133 
80 0.03 0 131 
80 0.03 131 0 
80 0.03 0 133 
80 0.03 125 0 
80 0.03 120 0 
80 0.03 135 0 
80 0.03 127 0 
80 0.03 138 0 
80 0.03 0 133 
80 0.03 0 133 
80 0.03 0 148 
80 0.03 0 118 
80 0.03 133 0 
80 0.03 120 0 
80 0.03 126 0 
80 0.03 0 146 
80 0.03 0 119 
80 0.03 0 131 
80 0.03 0 129 
80 0.03 0 131 
80 0.03 0 128 
80 0.03 148 0 
80 0.03 0 131 
80 0.03 129 0 
80 0.03 134 0 
80 0.03 144 0 
80 0.03 135 0 
80 0.03 0 134 
80 0.03 0 125 
80 0.03 128 0 
80 0.03 0 136 
80 0.03 0 125 
80 0.03 128 0 
80 0.03 131 0 
80 0.03 130 0 
80 0.03 0 126 
80 0.03 134 0 
80 0.03 0 125 
80 0.03 127 0 
80 0.03 118 0 
80 0.03 0 123 
80 0.03 150 0 
80 0.03 0 134 
80 0.04 0 73 
80 0.04 0 0 
80 0.03 0 136 
80 0.03 0 122 
80 0.04 0 91 
80 0.04 98 0 
80 0.04 0 95 
80 0.04 0 107 
80 0.04 63 0 
80 0.04 0 73 
80 0.04 94 0 
80 0.04 88 0 
80 0.04 0 0 
80 0.04 0 0 
80 0.04 0 0 
80 0.04 0 103 
80 0.04 79 0 
80 0.04 93 0 
80 0.04 105 0 
80 0.04 0 0 
80 0.04 91 0 
80 0.04 0 0 
80 0.04 0 94 
80 0.04 0 0 
80 0.04 84 0 
80 0.04 0 0 
80 0.04 101 0 
80 0.04 0 103 
80 0.04 95 0 
80 0.04 0 94 
80 0.04 93 0 
80 0.04 0 93 
80 0.04 89 0 
80 0.04 0 84 
80 0.04 0 89 
80 0.04 95 0 
80 0.04 0 0 
80 0.04 87 0 
80 0.04 110 0 
80 0.04 0 0 
80 0.04 97 0 
80 0.04 0 0 
80 0.04 0 93 
80 0.04 83 0 
80 0.04 0 93 
80 0.04 108 0 
80 0.04 73 0 
80 0.04 94 0 
80 0.04 0 0 
80 0.05 0 0 
80 0.05 0 0 
80 0.04 0 90 
80 0.05 0 0 
80 0.05 0 0 
80 0.04 72 0 
80 0.05 0 0 
80 0.05 0 0 
80 0.05 0 0 
80 0.04 90 0 
80 0.05 0 0 
80 0.05 0 0 
80 0.05 0 0 
80 0.05 0 0 
80 0.05 0 0 
80 0.05 0 0 
80 0.05 0 0 
80 0.05 0 0 
80 0.05 0 0 
80 0.05 0 0 
80 0.05 0 0 
80 0.05 0 0 
80 0.05 0 0 
80 0.05 0 0 
80 0.05 0 0 
80 0.05 0 0 
80 0.05 0 0 
80 0.05 0 0 
80 0.05 0 0 
80 0.05 0 0 
80 0.05 0 0 
80 0.05 0 0 
80 0.05 0 0 
80 0.05 0 0 
80 0.05 0 0 
80 0.05 0 0 
80 0.05 0 0 
80 0.05 0 0 
80 0.05 0 0 
80 0.05 0 0 
80 0.05 0 0 
80 0.05 0 0 
80 0.05 0 0 
80 0.05 0 0 
80 0.05 0 0 
80 0.05 0 0 
80 0.05 0 0 
80 0.05 0 0 
80 0.05 0 0 
80 0.05 0 0 
80 0.05 0 0 
80 0.08 0 0 
80 0.08 0 0 
80 0.08 0 0 
80 0.05 0 0 
80 0.08 0 0 
80 0.08 0 0 
80 0.08 0 0 
80 0.08 0 0 
80 0.05 0 0 
80 0.08 0 0 
80 0.08 0 0 
80 0.08 0 0 
80 0.08 0 0 
80 0.08 0 0 
80 0.08 0 0 
80 0.08 0 0 
80 0.08 0 0 
80 0.08 0 0 
80 0.08 0 0 
80 0.08 0 0 
80 0.08 0 0 
80 0.08 0 0 
80 0.08 0 0 
80 0.08 0 0 
80 0.08 0 0 
80 0.08 0 0 
80 0.08 0 0 
80 0.08 0 0 
80 0.08 0 0 
80 0.08 0 0 
80 0.08 0 0 
80 0.08 0 0 
80 0.08 0 0 
80 0.08 0 0 
80 0.08 0 0 
80 0.08 0 0 
80 0.08 0 0 
80 0.08 0 0 
80 0.08 0 0 
80 0.08 0 0 
80 0.08 0 0 
80 0.08 0 0 
80 0.08 0 0 
80 0.08 0 0 
80 0.08 0 0 
80 0.08 0 0 
80 0.08 0 0 
80 0.08 0 0 
80 0.08 0 0 
80 0.08 0 0 
80 0.08 0 0 
80 0.08 0 0 
90 0.01 405 2 
90 0.01 407 2 
90 0.01 1 399 
90 0.01 4 394 
90 0.01 1 381 
90 0.01 396 1 
90 0.01 17 369 
90 0.01 388 2 
90 0.01 1 416 
90 0.01 404 3 
90 0.01 1 384 
90 0.01 2 393 
90 0.01 2 408 
90 0.01 169 219 
90 0.01 398 6 
90 0.01 13 380 
90 0.01 15 383 
90 0.01 52 335 
90 0.01 401 5 
90 0.01 0 400 
90 0.01 6 359 
90 0.01 397 5 
90 0.01 2 412 
90 0.01 17 395 
90 0.01 425 3 
90 0.01 389 3 
90 0.01 13 382 
90 0.01 389 2 
90 0.01 400 10 
90 0.01 386 1 
90 0.01 10 391 
90 0.01 395 2 
90 0.01 406 0 
90 0.01 3 383 
90 0.01 1 395 
90 0.01 5 382 
90 0.01 3 391 
90 0.01 309 79 
90 0.01 361 0 
90 0.01 2 379 
90 0.01 412 2 
90 0.01 4 406 
90 0.01 1 406 
90 0.01 366 4 
90 0.01 13 379 
90 0.01 2 408 
90 0.01 383 4 
90 0.01 4 379 
90 0.01 5 391 
90 0.02 181 0 
90 0.02 210 0 
90 0.01 5 387 
90 0.02 0 186 
90 0.02 206 0 
90 0.02 0 181 
90 0.02 187 0 
90 0.02 214 0 
90 0.02 0 201 
90 0.02 191 0 
90 0.02 0 202 
90 0.02 194 0 
90 0.02 0 186 
90 0.02 176 0 
90 0.02 0 193 
90 0.02 0 200 
90 0.02 0 184 
90 0.02 0 195 
90 0.02 0 180 
90 0.02 0 196 
90 0.02 0 190 
90 0.02 186 0 
90 0.02 1 193 
90 0.02 204 0 
90 0.02 214 0 
90 0.02 0 198 
90 0.02 0 202 
90 0.02 0 205 
90 0.02 204 0 
90 0.02 0 194 
90 0.02 187 0 
90 0.02 1 193 
90 0.02 0 214 
90 0.02 199 0 
90 0.02 0 206 
90 0.02 192 0 
90 0.02 0 197 
90 0.02 0 188 
90 0.02 0 180 
90 0.02 0 199 
90 0.02 0 230 
90 0.02 0 201 
90 0.02 207 0 
90 0.02 202 1 
90 0.02 192 0 
90 0.02 211 0 
90 0.02 0 202 
90 0.02 199 0 
90 0.02 202 0 
90 0.03 0 147 
90 0.02 186 0 
90 0.02 0 190 
90 0.03 0 130 
90 0.03 123 0 
90 0.03 115 0 
90 0.03 127 0 
90 0.03 135 0 
90 0.03 0 129 
90 0.03 0 123 
90 0.03 138 0 
90 0.03 0 147 
90 0.03 0 117 
90 0.03 125 0 
90 0.03 0 120 
90 0.03 141 0 
90 0.03 128 0 
90 0.03 129 0 
90 0.03 124 0 
90 0.03 0 129 
90 0.03 0 144 
90 0.03 117 0 
90 0.03 121 0 
90 0.03 0 139 
90 0.03 0 128 
90 0.03 0 129 
90 0.03 120 0 
90 0.03 0 131 
90 0.03 0 133 
90 0.03 0 125 
90 0.03 137 0 
90 0.03 0 136 
90 0.03 0 114 
90 0.03 0 125 
90 0.03 121 0 
90 0.03 0 136 
90 0.03 144 0 
90 0.03 0 128 
90 0.03 134 0 
90 0.03 0 125 
90 0.03 134 0 
90 0.03 130 0 
90 0.03 0 120 
90 0.03 0 124 
90 0.03 0 136 
90 0.03 0 140 
90 0.03 119 0 
90 0.03 0 132 
90 0.03 0 130 
90 0.03 125 0 
90 0.03 126 0 
90 0.04 99 0 
90 0.03 0 141 
90 0.04 107 0 
90 0.04 92 0 
90 0.04 0 89 
90 0.04 87 0 
90 0.04 103 0 
90 0.04 0 0 
90 0.04 69 0 
90 0.04 100 0 
90 0.04 92 0 
90 0.04 97 0 
90 0.04 0 96 
90 0.04 0 0 
90 0.04 94 0 
90 0.04 0 85 
90 0.04 0 97 
90 0.04 75 0 
90 0.04 0 0 
90 0.04 100 0 
90 0.04 78 0 
90 0.04 70 0 
90 0.04 0 87 
90 0.04 95 0 
90 0.04 96 0 
90 0.04 98 0 
90 0.04 101 0 
90 0.04 0 92 
90 0.04 0 92 
90 0.04 0 104 
90 0.04 90 0 
90 0.04 107 0 
90 0.04 89 0 
90 0.04 81 0 
90 0.04 87 0 
90 0.04 0 0 
90 0.04 0 97 
90 0.04 96 0 
90 0.04 0 70 
90 0.04 0 89 
90 0.04 0 0 
90 0.04 0 0 
90 0.04 87 0 
90 0.04 0 0 
90 0.04 0 102 
90 0.04 0 2 
90 0.04 0 91 
90 0.04 109 0 
90 0.04 74 0 
90 0.05 0 0 
90 0.05 0 0 
90 0.05 0 0 
90 0.05 0 0 
90 0.05 0 0 
90 0.04 98 0 
90 0.05 0 0 
90 0.04 89 0 
90 0.05 0 0 
90 0.05 0 0 
90 0.05 0 0 
90 0.05 0 0 
90 0.05 0 0 
90 0.05 0 0 
90 0.05 0 0 
90 0.05 0 0 
90 0.05 0 0 
90 0.05 0 0 
90 0.05 0 0 
90 0.05 0 0 
90 0.05 0 0 
90 0.05 0 0 
90 0.05 0 0 
90 0.05 0 0 
90 0.05 0 0 
90 0.05 0 0 
90 0.05 0 0 
90 0.05 0 0 
90 0.05 0 0 
90 0.05 0 0 
90 0.05 0 0 
90 0.05 0 0 
90 0.05 0 0 
90 0.05 0 0 
90 0.05 0 0 
90 0.05 0 0 
90 0.05 0 0 
90 0.05 0 0 
90 0.05 0 0 
90 0.05 0 0 
90 0.05 0 0 
90 0.05 0 0 
90 0.05 0 0 
90 0.05 0 0 
90 0.05 0 0 
90 0.05 0 0 
90 0.05 0 0 
90 0.05 0 0 
90 0.05 0 0 
90 0.08 0 0 
90 0.05 0 0 
90 0.05 0 0 
90 0.08 0 0 
90 0.08 0 0 
90 0.05 0 0 
90 0.08 0 0 
90 0.08 0 0 
90 0.08 0 0 
90 0.08 0 0 
90 0.08 0 0 
90 0.08 0 0 
90 0.08 0 0 
90 0.08 0 0 
90 0.08 0 0 
90 0.08 0 0 
90 0.08 0 0 
90 0.08 0 0 
90 0.08 0 0 
90 0.08 0 0 
90 0.08 0 0 
90 0.08 0 0 
90 0.08 0 0 
90 0.08 0 0 
90 0.08 0 0 
90 0.08 0 0 
90 0.08 0 0 
90 0.08 0 0 
90 0.08 0 0 
90 0.08 0 0 
90 0.08 0 0 
90 0.08 0 0 
90 0.08 0 0 
90 0.08 0 0 
90 0.08 0 0 
90 0.08 0 0 
90 0.08 0 0 
90 0.08 0 0 
90 0.08 0 0 
90 0.08 0 0 
90 0.08 0 0 
90 0.08 0 0 
90 0.08 0 0 
90 0.08 0 0 
90 0.08 0 0 
90 0.08 0 0 
90 0.08 0 0 
90 0.08 0 0 
90 0.08 0 0 
90 0.08 0 0 
90 0.08 0 0 
90 0.08 0 0 
90 0.08 0 0 
100 0.01 4 395 
100 0.01 4 411 
100 0.01 1 398 
100 0.01 404 4 
100 0.01 5 382 
100 0.01 1 408 
100 0.01 3 398 
100 0.01 389 3 
100 0.01 378 23 
100 0.01 1 397 
100 0.01 2 392 
100 0.01 0 393 
100 0.01 389 2 
100 0.01 1 396 
100 0.01 3 385 
100 0.01 1 421 
100 0.01 1 370 
100 0.01 296 135 
100 0.01 374 5 
100 0.01 21 380 
100 0.01 403 3 
100 0.01 9 396 
100 0.01 349 43 
100 0.01 387 8 
100 0.01 10 373 
100 0.01 306 100 
100 0.01 386 6 
100 0.01 1 376 
100 0.01 4 420 
100 0.01 7 357 
100 0.01 6 355 
100 0.01 367 5 
100 0.01 381 2 
100 0.01 412 1 
100 0.01 367 6 
100 0.01 417 6 
100 0.01 70 351 
100 0.01 374 21 
100 0.01 376 2 
100 0.01 392 3 
100 0.01 4 409 
100 0.01 1 394 
100 0.01 10 382 
100 0.01 406 5 
100 0.01 408 10 
100 0.01 388 1 
100 0.01 404 7 
100 0.01 410 2 
100 0.01 10 378 
100 0.02 0 201 
100 0.02 0 202 
100 0.02 0 196 
100 0.01 364 15 
100 0.02 0 188 
100 0.02 0 209 
100 0.02 201 0 
100 0.02 0 193 
100 0.02 211 0 
100 0.02 194 0 
100 0.02 0 214 
100 0.02 177 0 
100 0.02 191 0 
100 0.02 191 1 
100 0.02 0 206 
100 0.02 212 0 
100 0.02 195 0 
100 0.02 208 0 
100 0.02 0 189 
100 0.02 0 201 
100 0.02 206 0 
100 0.02 0 203 
100 0.02 194 0 
100 0.02 0 189 
100 0.02 0 212 
100 0.02 0 199 
100 0.02 208 0 
100 0.02 0 187 
100 0.02 195 0 
100 0.02 201 0 
100 0.02 0 198 
100 0.02 0 221 
100 0.02 189 0 
100 0.02 0 201 
100 0.02 207 0 
100 0.02 183 0 
100 0.02 212 0 
100 0.02 0 183 
100 0.02 0 190 
100 0.02 219 0 
100 0.02 0 221 
100 0.02 0 209 
100 0.02 188 0 
100 0.02 0 205 
100 0.02 193 0 
100 0.02 0 194 
100 0.02 195 0 
100 0.02 0 199 
100 0.02 211 0 
100 0.03 0 122 
100 0.02 0 199 
100 0.03 124 0 
100 0.02 0 189 
100 0.03 0 136 
100 0.03 0 132 
100 0.03 0 131 
100 0.03 126 0 
100 0.03 0 147 
100 0.03 0 141 
100 0.03 132 0 
100 0.03 118 0 
100 0.03 124 0 
100 0.03 0 143 
100 0.03 133 0 
100 0.03 123 0 
100 0.03 0 131 
100 0.03 138 0 
100 0.03 142 0 
100 0.03 133 0 
100 0.03 133 0 
100 0.03 137 0 
100 0.03 126 0 
100 0.03 0 134 
100 0.03 129 0 
100 0.03 129 0 
100 0.03 0 130 
100 0.03 125 0 
100 0.03 0 132 
100 0.03 119 0 
100 0.03 134 0 
100 0.03 141 0 
100 0.03 0 130 
100 0.03 0 139 
100 0.03 129 0 
100 0.03 140 0 
100 0.03 0 119 
100 0.03 125 0 
100 0.03 134 0 
100 0.03 132 0 
100 0.03 0 130 
100 0.03 0 146 
100 0.03 128 0 
100 0.03 123 0 
100 0.03 127 0 
100 0.03 135 0 
100 0.03 0 114 
100 0.03 128 0 
100 0.03 126 0 
100 0.03 0 130 
100 0.03 128 0 
100 0.04 0 0 
100 0.04 0 0 
100 0.03 0 136 
100 0.04 85 0 
100 0.04 0 84 
100 0.04 0 89 
100 0.04 0 90 
100 0.04 0 94 
100 0.04 90 0 
100 0.04 0 95 
100 0.04 82 0 
100 0.04 99 0 
100 0.04 0 94 
100 0.04 84 0 
100 0.04 0 95 
100 0.04 75 0 
100 0.04 81 0 
100 0.04 0 92 
100 0.04 0 92 
100 0.04 83 0 
100 0.04 0 0 
100 0.04 0 65 
100 0.04 103 0 
100 0.04 0 93 
100 0.04 0 73 
100 0.04 0 79 
100 0.04 68 0 
100 0.04 108 0 
100 0.04 0 0 
100 0.04 0 88 
100 0.04 79 0 
100 0.04 0 84 
100 0.04 77 0 
100 0.04 88 0 
100 0.04 95 0 
100 0.04 0 0 
100 0.04 0 63 
100 0.04 0 96 
100 0.04 85 0 
100 0.04 0 0 
100 0.04 85 0 
100 0.04 1 0 
100 0.04 0 97 
100 0.04 0 0 
100 0.04 0 85 
100 0.04 113 0 
100 0.04 0 65 
100 0.04 0 0 
100 0.04 80 0 
100 0.05 0 0 
100 0.05 0 0 
100 0.04 0 0 
100 0.05 0 0 
100 0.05 0 0 
100 0.05 0 0 
100 0.05 0 0 
100 0.05 0 0 
100 0.05 0 0 
100 0.05 0 0 
100 0.05 0 0 
100 0.05 0 0 
100 0.04 0 105 
100 0.05 0 0 
100 0.05 0 0 
100 0.05 0 0 
100 0.05 0 0 
100 0.05 0 0 
100 0.05 0 0 
100 0.05 0 0 
100 0.05 0 0 
100 0.05 0 0 
100 0.05 0 0 
100 0.05 0 0 
100 0.05 0 0 
100 0.05 0 0 
100 0.05 0 0 
100 0.05 0 0 
100 0.05 0 0 
100 0.05 0 0 
100 0.05 0 0 
100 0.05 0 0 
100 0.05 0 0 
100 0.05 0 0 
100 0.05 0 0 
100 0.05 0 0 
100 0.05 0 0 
100 0.05 0 0 
100 0.05 0 0 
100 0.05 0 0 
100 0.05 0 0 
100 0.05 0 0 
100 0.05 0 0 
100 0.05 0 0 
100 0.05 0 0 
100 0.05 0 0 
100 0.05 0 0 
100 0.05 0 0 
100 0.05 0 0 
100 0.05 0 0 
100 0.05 0 0 
100 0.08 0 0 
100 0.08 0 0 
100 0.05 0 0 
100 0.08 0 0 
100 0.08 0 0 
100 0.08 0 0 
100 0.08 0 0 
100 0.08 0 0 
100 0.08 0 0 
100 0.08 0 0 
100 0.08 0 0 
100 0.08 0 0 
100 0.08 0 0 
100 0.08 0 0 
100 0.08 0 0 
100 0.08 0 0 
100 0.08 0 0 
100 0.08 0 0 
100 0.08 0 0 
100 0.08 0 0 
100 0.08 0 0 
100 0.08 0 0 
100 0.08 0 0 
100 0.08 0 0 
100 0.08 0 0 
100 0.08 0 0 
100 0.08 0 0 
100 0.08 0 0 
100 0.08 0 0 
100 0.08 0 0 
100 0.08 0 0 
100 0.08 0 0 
100 0.08 0 0 
100 0.08 0 0 
100 0.08 0 0 
100 0.08 0 0 
100 0.08 0 0 
100 0.08 0 0 
100 0.08 0 0 
100 0.08 0 0 
100 0.08 0 0 
100 0.08 0 0 
100 0.08 0 0 
100 0.08 0 0 
100 0.08 0 0 
100 0.08 0 0 
100 0.08 0 0 
100 0.08 0 0 
100 0.08 0 0 
100 0.08 0 0 
100 0.08 0 0 
