# message-length,lambda,agents-per-reproduction,mutation-rate,initial-population,[0 1],[1 0],
1,0.01,2,10,200,0,209,
1,0.01,2,10,200,0,203,
1,0.01,2,10,200,0,212,
1,0.01,2,10,200,0,186,
1,0.01,2,10,200,0,194,
1,0.01,2,10,200,0,212,
1,0.01,2,10,200,0,198,
1,0.01,2,10,200,0,196,
1,0.01,2,10,200,0,178,
1,0.01,2,50,200,0,221,
1,0.01,2,50,200,0,202,
1,0.01,2,10,200,0,218,
1,0.01,2,50,200,0,209,
1,0.01,2,50,200,0,183,
1,0.01,2,50,200,0,201,
1,0.01,2,50,200,0,192,
1,0.01,2,50,200,0,193,
1,0.01,2,50,200,0,198,
1,0.01,2,50,200,0,188,
1,0.01,2,50,200,0,210,
1,0.01,2,80,200,0,201,
1,0.01,2,80,200,0,175,
1,0.01,2,80,200,0,206,
1,0.01,2,80,200,0,192,
1,0.01,2,80,200,0,192,
1,0.01,2,80,200,0,176,
1,0.01,2,80,200,0,200,
1,0.01,2,80,200,0,209,
1,0.01,2,80,200,0,202,
1,0.01,2,80,200,0,213,
1,0.01,5,10,200,0,482,
1,0.01,5,10,200,0,469,
1,0.01,5,10,200,0,479,
1,0.01,5,10,200,0,497,
1,0.01,5,10,200,0,496,
1,0.01,5,10,200,0,493,
1,0.01,5,10,200,0,489,
1,0.01,5,10,200,0,526,
1,0.01,5,10,200,0,463,
1,0.01,5,10,200,0,504,
1,0.01,5,50,200,0,504,
1,0.01,5,50,200,0,504,
1,0.01,5,50,200,0,500,
1,0.01,5,50,200,0,521,
1,0.01,5,50,200,0,518,
1,0.01,5,50,200,0,500,
1,0.01,5,50,200,0,496,
1,0.01,5,50,200,0,515,
1,0.01,5,50,200,0,482,
1,0.01,5,50,200,0,494,
1,0.01,5,80,200,0,481,
1,0.01,5,80,200,0,488,
1,0.01,5,80,200,0,515,
1,0.01,5,80,200,0,480,
1,0.01,5,80,200,0,514,
1,0.01,5,80,200,0,495,
1,0.01,5,80,200,0,510,
1,0.01,5,80,200,0,500,
1,0.01,5,80,200,0,457,
1,0.01,5,80,200,0,495,
1,0.01,10,10,200,0,958,
1,0.01,10,10,200,0,1000,
1,0.01,10,10,200,0,958,
1,0.01,10,10,200,0,1012,
1,0.01,10,10,200,0,937,
1,0.01,10,10,200,0,995,
1,0.01,10,10,200,0,1003,
1,0.01,10,10,200,0,973,
1,0.01,10,10,200,0,1016,
1,0.01,10,10,200,0,999,
1,0.01,10,50,200,0,1014,
1,0.01,10,50,200,0,1004,
1,0.01,10,50,200,0,982,
1,0.01,10,50,200,0,986,
1,0.01,10,50,200,0,1007,
1,0.01,10,50,200,0,980,
1,0.01,10,50,200,0,988,
1,0.01,10,50,200,0,1029,
1,0.01,10,50,200,0,1002,
1,0.01,10,50,200,0,1045,
1,0.01,10,80,200,0,975,
1,0.01,10,80,200,0,988,
1,0.01,10,80,200,0,1000,
1,0.01,10,80,200,0,975,
1,0.01,10,80,200,0,993,
1,0.01,10,80,200,0,962,
1,0.01,10,80,200,0,940,
1,0.05,2,10,200,0,0,
1,0.05,2,10,200,0,0,
1,0.05,2,10,200,0,0,
1,0.05,2,10,200,0,0,
1,0.05,2,10,200,0,0,
1,0.05,2,10,200,0,0,
1,0.05,2,10,200,0,0,
1,0.05,2,10,200,0,0,
1,0.05,2,10,200,0,0,
1,0.05,2,10,200,0,0,
1,0.05,2,50,200,0,0,
1,0.05,2,50,200,0,0,
1,0.05,2,50,200,0,0,
1,0.05,2,50,200,0,0,
1,0.05,2,50,200,0,0,
1,0.05,2,50,200,0,0,
1,0.05,2,50,200,0,0,
1,0.05,2,50,200,0,0,
1,0.05,2,50,200,0,0,
1,0.05,2,50,200,0,0,
1,0.05,2,80,200,0,0,
1,0.05,2,80,200,0,0,
1,0.05,2,80,200,0,0,
1,0.05,2,80,200,0,0,
1,0.05,2,80,200,0,0,
1,0.05,2,80,200,0,0,
1,0.05,2,80,200,0,0,
1,0.05,2,80,200,0,0,
1,0.05,2,80,200,0,0,
1,0.05,2,80,200,0,0,
1,0.05,5,10,200,0,0,
1,0.05,5,10,200,0,105,
1,0.01,10,80,200,0,1014,
1,0.05,5,10,200,0,70,
1,0.05,5,10,200,0,94,
1,0.05,5,10,200,0,44,
1,0.05,5,10,200,0,0,
1,0.05,5,10,200,0,0,
1,0.05,5,10,200,0,51,
1,0.05,5,10,200,0,84,
1,0.05,5,50,200,0,0,
1,0.05,5,50,200,0,0,
1,0.05,5,50,200,0,0,
1,0.05,5,10,200,0,84,
1,0.05,5,50,200,0,0,
1,0.05,5,50,200,0,0,
1,0.05,5,50,200,0,0,
1,0.05,5,50,200,0,0,
1,0.05,5,50,200,0,0,
1,0.05,5,50,200,0,0,
1,0.05,5,80,200,0,0,
1,0.05,5,50,200,0,0,
1,0.05,5,80,200,0,0,
1,0.05,5,80,200,0,0,
1,0.05,5,80,200,0,0,
1,0.05,5,80,200,0,0,
1,0.05,5,80,200,0,0,
1,0.05,5,80,200,0,0,
1,0.05,5,80,200,0,0,
1,0.05,5,80,200,0,0,
1,0.05,5,80,200,0,0,
1,0.05,10,10,200,0,192,
1,0.05,10,10,200,0,198,
1,0.05,10,10,200,0,181,
1,0.05,10,10,200,0,210,
1,0.05,10,10,200,0,200,
1,0.05,10,10,200,0,215,
1,0.05,10,10,200,0,197,
1,0.05,10,10,200,0,191,
1,0.05,10,10,200,0,210,
1,0.05,10,10,200,0,195,
1,0.05,10,50,200,0,179,
1,0.05,10,50,200,0,182,
1,0.05,10,50,200,0,188,
1,0.05,10,50,200,0,182,
1,0.05,10,50,200,0,170,
1,0.05,10,50,200,0,197,
1,0.05,10,50,200,0,204,
1,0.05,10,50,200,0,203,
1,0.05,10,50,200,0,192,
1,0.05,10,50,200,0,188,
1,0.05,10,80,200,0,194,
1,0.05,10,80,200,0,192,
1,0.01,10,80,200,0,971,
1,0.01,10,80,200,0,1006,
1,0.05,10,80,200,0,193,
1,0.05,10,80,200,0,195,
1,0.05,10,80,200,0,175,
1,0.05,10,80,200,0,208,
1,0.05,10,80,200,0,183,
1,0.08,2,10,200,0,0,
1,0.08,2,10,200,0,0,
1,0.08,2,10,200,0,0,
1,0.08,2,10,200,0,0,
1,0.08,2,10,200,0,0,
1,0.08,2,10,200,0,0,
1,0.08,2,10,200,0,0,
1,0.08,2,10,200,0,0,
1,0.08,2,10,200,0,0,
1,0.08,2,10,200,0,0,
1,0.08,2,50,200,0,0,
1,0.08,2,50,200,0,0,
1,0.08,2,50,200,0,0,
1,0.08,2,50,200,0,0,
1,0.08,2,50,200,0,0,
1,0.08,2,50,200,0,0,
1,0.08,2,50,200,0,0,
1,0.08,2,50,200,0,0,
1,0.08,2,50,200,0,0,
1,0.08,2,50,200,0,0,
1,0.08,2,80,200,0,0,
1,0.08,2,80,200,0,0,
1,0.05,10,80,200,0,181,
1,0.08,2,80,200,0,0,
1,0.08,2,80,200,0,0,
1,0.08,2,80,200,0,0,
1,0.08,2,80,200,0,0,
1,0.08,2,80,200,0,0,
1,0.08,2,80,200,0,0,
1,0.08,2,80,200,0,0,
1,0.08,2,80,200,0,0,
1,0.08,5,10,200,0,0,
1,0.08,5,10,200,0,0,
1,0.08,5,10,200,0,0,
1,0.08,5,10,200,0,0,
1,0.08,5,10,200,0,0,
1,0.08,5,10,200,0,0,
1,0.05,10,80,200,0,184,
1,0.08,5,10,200,0,0,
1,0.08,5,10,200,0,0,
1,0.08,5,10,200,0,0,
1,0.08,5,10,200,0,0,
1,0.08,5,50,200,0,0,
1,0.08,5,50,200,0,0,
1,0.08,5,50,200,0,0,
1,0.08,5,50,200,0,0,
1,0.08,5,50,200,0,0,
1,0.08,5,50,200,0,0,
1,0.08,5,50,200,0,0,
1,0.08,5,50,200,0,0,
1,0.08,5,50,200,0,0,
1,0.08,5,50,200,0,0,
1,0.08,5,80,200,0,0,
1,0.08,5,80,200,0,0,
1,0.08,5,80,200,0,0,
1,0.08,5,80,200,0,0,
1,0.08,5,80,200,0,0,
1,0.08,5,80,200,0,0,
1,0.08,5,80,200,0,0,
1,0.08,5,80,200,0,0,
1,0.08,5,80,200,0,0,
1,0.08,5,80,200,0,0,
1,0.05,10,80,200,0,185,
1,0.08,10,10,200,0,114,
1,0.08,10,10,200,0,119,
1,0.08,10,10,200,0,93,
1,0.08,10,10,200,0,106,
1,0.08,10,10,200,0,87,
1,0.08,10,10,200,0,78,
1,0.08,10,10,200,0,114,
1,0.08,10,10,200,0,92,
1,0.08,10,50,200,0,0,
1,0.08,10,50,200,0,0,
1,0.08,10,50,200,0,0,
1,0.08,10,50,200,0,0,
1,0.08,10,50,200,0,0,
1,0.08,10,10,200,0,118,
1,0.08,10,10,200,0,123,
1,0.08,10,50,200,0,0,
1,0.08,10,50,200,0,0,
1,0.08,10,50,200,0,0,
1,0.08,10,80,200,0,0,
1,0.08,10,50,200,0,69,
1,0.08,10,80,200,0,0,
1,0.08,10,80,200,0,0,
1,0.08,10,50,200,0,112,
1,0.08,10,80,200,0,0,
1,0.08,10,80,200,0,0,
1,0.08,10,80,200,0,0,
1,0.08,10,80,200,0,0,
1,0.08,10,80,200,0,0,
1,0.08,10,80,200,0,0,
1,0.08,10,80,200,0,78,
10,0.01,2,10,200,0,189,
10,0.01,2,10,200,0,188,
10,0.01,2,10,200,0,202,
10,0.01,2,10,200,0,207,
10,0.01,2,10,200,0,194,
10,0.01,2,10,200,0,202,
10,0.01,2,10,200,0,201,
10,0.01,2,10,200,0,207,
10,0.01,2,10,200,0,186,
10,0.01,2,10,200,0,193,
10,0.01,2,50,200,0,196,
10,0.01,2,50,200,0,186,
10,0.01,2,50,200,0,185,
10,0.01,2,50,200,0,202,
10,0.01,2,50,200,0,192,
10,0.01,2,50,200,0,215,
10,0.01,2,50,200,0,209,
10,0.01,2,50,200,0,207,
10,0.01,2,50,200,0,206,
10,0.01,2,50,200,0,220,
10,0.01,2,80,200,0,192,
10,0.01,2,80,200,0,203,
10,0.01,2,80,200,0,194,
10,0.01,2,80,200,0,214,
10,0.01,2,80,200,0,206,
10,0.01,2,80,200,0,218,
10,0.01,2,80,200,0,195,
10,0.01,2,80,200,0,179,
10,0.01,2,80,200,0,194,
10,0.01,2,80,200,0,220,
10,0.01,5,10,200,0,494,
10,0.01,5,10,200,0,499,
10,0.01,5,10,200,0,484,
10,0.01,5,10,200,0,501,
10,0.01,5,10,200,0,469,
10,0.01,5,10,200,0,482,
10,0.01,5,10,200,0,508,
10,0.01,5,10,200,0,469,
10,0.01,5,10,200,0,502,
10,0.01,5,10,200,0,524,
10,0.01,5,50,200,0,485,
10,0.01,5,50,200,0,484,
10,0.01,5,50,200,0,504,
10,0.01,5,50,200,0,494,
10,0.01,5,50,200,0,491,
10,0.01,5,50,200,0,485,
10,0.01,5,50,200,0,520,
10,0.01,5,50,200,0,510,
10,0.01,5,50,200,0,502,
10,0.01,5,50,200,0,479,
10,0.01,5,80,200,0,513,
10,0.01,5,80,200,0,515,
10,0.01,5,80,200,0,501,
10,0.01,5,80,200,0,482,
10,0.01,5,80,200,0,502,
10,0.01,5,80,200,0,495,
10,0.01,5,80,200,0,519,
10,0.01,5,80,200,0,500,
10,0.01,5,80,200,0,508,
10,0.01,5,80,200,0,493,
10,0.01,10,10,200,0,981,
10,0.01,10,10,200,0,969,
10,0.01,10,10,200,0,1024,
10,0.01,10,10,200,0,983,
10,0.01,10,10,200,0,959,
10,0.01,10,10,200,0,1033,
10,0.01,10,10,200,0,1035,
10,0.01,10,10,200,0,1005,
10,0.01,10,10,200,0,996,
10,0.01,10,10,200,0,994,
10,0.01,10,50,200,0,1001,
10,0.01,10,50,200,0,962,
10,0.01,10,50,200,0,1013,
10,0.01,10,50,200,0,1010,
10,0.01,10,50,200,0,1002,
10,0.01,10,50,200,0,986,
10,0.01,10,50,200,0,977,
10,0.01,10,50,200,0,988,
10,0.01,10,50,200,0,1011,
10,0.01,10,50,200,0,1010,
10,0.01,10,80,200,0,1011,
10,0.01,10,80,200,0,981,
10,0.01,10,80,200,0,1017,
10,0.01,10,80,200,0,994,
10,0.01,10,80,200,0,1023,
10,0.01,10,80,200,0,1022,
10,0.01,10,80,200,0,1013,
10,0.05,2,10,200,0,0,
10,0.05,2,10,200,0,0,
10,0.05,2,10,200,0,0,
10,0.05,2,10,200,0,0,
10,0.01,10,80,200,0,1006,
10,0.05,2,10,200,0,0,
10,0.05,2,10,200,0,0,
10,0.05,2,10,200,0,0,
10,0.05,2,10,200,0,0,
10,0.05,2,10,200,0,0,
10,0.05,2,10,200,0,0,
10,0.05,2,50,200,0,0,
10,0.05,2,50,200,0,0,
10,0.05,2,50,200,0,0,
10,0.05,2,50,200,0,0,
10,0.05,2,50,200,0,0,
10,0.05,2,50,200,0,0,
10,0.05,2,50,200,0,0,
10,0.05,2,50,200,0,0,
10,0.05,2,50,200,0,0,
10,0.05,2,50,200,0,0,
10,0.05,2,80,200,0,0,
10,0.05,2,80,200,0,0,
10,0.05,2,80,200,0,0,
10,0.05,2,80,200,0,0,
10,0.05,2,80,200,0,0,
10,0.05,2,80,200,0,0,
10,0.05,2,80,200,0,0,
10,0.05,2,80,200,0,0,
10,0.05,2,80,200,0,0,
10,0.05,2,80,200,0,0,
10,0.05,5,10,200,0,0,
10,0.05,5,10,200,0,81,
10,0.05,5,10,200,0,63,
10,0.05,5,10,200,0,0,
10,0.05,5,10,200,0,77,
10,0.05,5,10,200,0,36,
10,0.05,5,10,200,0,0,
10,0.05,5,10,200,0,71,
10,0.05,5,10,200,0,87,
10,0.05,5,10,200,0,0,
10,0.05,5,50,200,0,0,
10,0.05,5,50,200,0,0,
10,0.05,5,50,200,0,0,
10,0.05,5,50,200,0,0,
10,0.05,5,50,200,0,0,
10,0.05,5,50,200,0,0,
10,0.05,5,50,200,0,0,
10,0.05,5,50,200,0,0,
10,0.05,5,50,200,0,0,
10,0.05,5,80,200,0,0,
10,0.05,5,50,200,0,0,
10,0.05,5,80,200,0,0,
10,0.05,5,80,200,0,0,
10,0.05,5,80,200,0,0,
10,0.05,5,80,200,0,0,
10,0.05,5,80,200,0,0,
10,0.05,5,80,200,0,0,
10,0.05,5,80,200,0,0,
10,0.05,5,80,200,0,0,
10,0.05,5,80,200,0,0,
10,0.05,10,10,200,0,177,
10,0.05,10,10,200,0,188,
10,0.05,10,10,200,0,184,
10,0.05,10,10,200,0,197,
10,0.05,10,10,200,0,187,
10,0.05,10,10,200,0,215,
10,0.05,10,10,200,0,193,
10,0.05,10,10,200,0,192,
10,0.05,10,10,200,0,179,
10,0.05,10,10,200,0,188,
10,0.05,10,50,200,0,184,
10,0.05,10,50,200,0,194,
10,0.05,10,50,200,0,199,
10,0.05,10,50,200,0,196,
10,0.05,10,50,200,0,191,
10,0.05,10,50,200,0,193,
10,0.05,10,50,200,0,212,
10,0.05,10,50,200,0,174,
10,0.01,10,80,200,0,986,
10,0.01,10,80,200,0,982,
10,0.05,10,50,200,0,199,
10,0.05,10,50,200,0,205,
10,0.05,10,80,200,0,187,
10,0.05,10,80,200,0,208,
10,0.05,10,80,200,0,196,
10,0.05,10,80,200,0,197,
10,0.05,10,80,200,0,195,
10,0.05,10,80,200,0,193,
10,0.05,10,80,200,0,176,
10,0.08,2,10,200,0,0,
10,0.08,2,10,200,0,0,
10,0.08,2,10,200,0,0,
10,0.08,2,10,200,0,0,
10,0.08,2,10,200,0,0,
10,0.08,2,10,200,0,0,
10,0.08,2,10,200,0,0,
10,0.08,2,10,200,0,0,
10,0.08,2,10,200,0,0,
10,0.05,10,80,200,0,185,
10,0.08,2,50,200,0,0,
10,0.08,2,10,200,0,0,
10,0.08,2,50,200,0,0,
10,0.08,2,50,200,0,0,
10,0.05,10,80,200,0,190,
10,0.08,2,50,200,0,0,
10,0.08,2,50,200,0,0,
10,0.08,2,50,200,0,0,
10,0.08,2,50,200,0,0,
10,0.08,2,50,200,0,0,
10,0.08,2,50,200,0,0,
10,0.08,2,80,200,0,0,
10,0.08,2,50,200,0,0,
10,0.08,2,80,200,0,0,
10,0.08,2,80,200,0,0,
10,0.08,2,80,200,0,0,
10,0.08,2,80,200,0,0,
10,0.08,2,80,200,0,0,
10,0.08,2,80,200,0,0,
10,0.08,2,80,200,0,0,
10,0.08,2,80,200,0,0,
10,0.08,2,80,200,0,0,
10,0.08,5,10,200,0,0,
10,0.08,5,10,200,0,0,
10,0.08,5,10,200,0,0,
10,0.08,5,10,200,0,0,
10,0.08,5,10,200,0,0,
10,0.08,5,10,200,0,0,
10,0.08,5,10,200,0,0,
10,0.08,5,10,200,0,0,
10,0.08,5,10,200,0,0,
10,0.08,5,50,200,0,0,
10,0.08,5,10,200,0,0,
10,0.08,5,50,200,0,0,
10,0.08,5,50,200,0,0,
10,0.08,5,50,200,0,0,
10,0.08,5,50,200,0,0,
10,0.08,5,50,200,0,0,
10,0.08,5,50,200,0,0,
10,0.08,5,50,200,0,0,
10,0.08,5,50,200,0,0,
10,0.08,5,50,200,0,0,
10,0.08,5,80,200,0,0,
10,0.08,5,80,200,0,0,
10,0.08,5,80,200,0,0,
10,0.08,5,80,200,0,0,
10,0.08,5,80,200,0,0,
10,0.08,5,80,200,0,0,
10,0.08,5,80,200,0,0,
10,0.08,5,80,200,0,0,
10,0.08,5,80,200,0,0,
10,0.08,5,80,200,0,0,
10,0.05,10,80,200,0,192,
10,0.08,10,10,200,0,0,
10,0.08,10,10,200,0,107,
10,0.08,10,10,200,0,116,
10,0.08,10,10,200,0,114,
10,0.08,10,10,200,0,115,
10,0.08,10,10,200,0,114,
10,0.08,10,10,200,0,108,
10,0.08,10,10,200,0,21,
10,0.08,10,50,200,0,0,
10,0.08,10,10,200,0,133,
10,0.08,10,50,200,0,100,
10,0.08,10,10,200,0,105,
10,0.08,10,50,200,0,0,
10,0.08,10,50,200,0,0,
10,0.08,10,50,200,0,95,
10,0.08,10,50,200,0,0,
10,0.08,10,50,200,0,0,
10,0.08,10,50,200,0,0,
10,0.08,10,50,200,0,0,
10,0.08,10,80,200,0,0,
10,0.08,10,80,200,0,0,
10,0.08,10,80,200,0,0,
10,0.08,10,50,200,0,105,
10,0.08,10,80,200,0,0,
10,0.08,10,80,200,0,0,
10,0.08,10,80,200,0,0,
10,0.08,10,80,200,0,11,
10,0.08,10,80,200,0,0,
10,0.08,10,80,200,0,0,
10,0.08,10,80,200,0,0,
50,0.01,2,10,200,0,188,
50,0.01,2,10,200,0,193,
50,0.01,2,10,200,0,203,
50,0.01,2,10,200,0,210,
50,0.01,2,10,200,0,178,
50,0.01,2,10,200,0,197,
50,0.01,2,10,200,0,200,
50,0.01,2,10,200,0,213,
50,0.01,2,10,200,0,194,
50,0.01,2,10,200,0,201,
50,0.01,2,50,200,0,213,
50,0.01,2,50,200,0,206,
50,0.01,2,50,200,0,194,
50,0.01,2,50,200,0,225,
50,0.01,2,50,200,0,181,
50,0.01,2,50,200,0,201,
50,0.01,2,50,200,0,217,
50,0.01,2,50,200,0,189,
50,0.01,2,50,200,0,181,
50,0.01,2,50,200,0,214,
50,0.01,2,80,200,0,185,
50,0.01,2,80,200,0,200,
50,0.01,2,80,200,0,205,
50,0.01,2,80,200,0,203,
50,0.01,2,80,200,0,197,
50,0.01,2,80,200,0,208,
50,0.01,2,80,200,0,216,
50,0.01,2,80,200,0,198,
50,0.01,2,80,200,0,179,
50,0.01,2,80,200,0,200,
50,0.01,5,10,200,0,493,
50,0.01,5,10,200,0,498,
50,0.01,5,10,200,0,487,
50,0.01,5,10,200,0,507,
50,0.01,5,10,200,0,480,
50,0.01,5,10,200,0,510,
50,0.01,5,10,200,0,492,
50,0.01,5,10,200,0,497,
50,0.01,5,10,200,0,509,
50,0.01,5,10,200,0,499,
50,0.01,5,50,200,0,484,
50,0.01,5,50,200,0,526,
50,0.01,5,50,200,0,489,
50,0.01,5,50,200,0,477,
50,0.01,5,50,200,0,498,
50,0.01,5,50,200,0,516,
50,0.01,5,50,200,0,468,
50,0.01,5,50,200,0,507,
50,0.01,5,50,200,0,498,
50,0.01,5,50,200,0,494,
50,0.01,5,80,200,0,497,
50,0.01,5,80,200,0,500,
50,0.01,5,80,200,0,517,
50,0.01,5,80,200,0,488,
50,0.01,5,80,200,0,520,
50,0.01,5,80,200,0,492,
50,0.01,5,80,200,0,504,
50,0.01,5,80,200,0,504,
50,0.01,5,80,200,0,525,
50,0.01,5,80,200,0,503,
50,0.01,10,10,200,0,992,
50,0.01,10,10,200,0,978,
50,0.01,10,10,200,0,1028,
50,0.01,10,10,200,0,980,
50,0.01,10,10,200,0,1012,
50,0.01,10,10,200,0,1043,
50,0.01,10,10,200,0,998,
50,0.01,10,10,200,0,1014,
50,0.01,10,10,200,0,1032,
50,0.01,10,10,200,0,977,
50,0.01,10,50,200,0,1051,
50,0.01,10,50,200,0,1032,
50,0.01,10,50,200,0,978,
50,0.01,10,50,200,0,1001,
50,0.01,10,50,200,0,1025,
50,0.01,10,50,200,0,981,
50,0.01,10,50,200,0,997,
50,0.01,10,50,200,0,962,
50,0.01,10,50,200,0,1004,
50,0.01,10,50,200,0,1023,
50,0.01,10,80,200,0,993,
50,0.01,10,80,200,0,990,
50,0.01,10,80,200,0,958,
50,0.01,10,80,200,0,1002,
50,0.01,10,80,200,0,1014,
50,0.01,10,80,200,0,1031,
50,0.01,10,80,200,0,1016,
50,0.05,2,10,200,0,0,
50,0.05,2,10,200,0,0,
50,0.05,2,10,200,0,0,
50,0.05,2,10,200,0,0,
50,0.05,2,10,200,0,0,
50,0.05,2,10,200,0,0,
50,0.05,2,10,200,0,0,
50,0.05,2,10,200,0,0,
50,0.05,2,10,200,0,0,
50,0.05,2,10,200,0,0,
50,0.05,2,50,200,0,0,
50,0.05,2,50,200,0,0,
50,0.05,2,50,200,0,0,
50,0.05,2,50,200,0,0,
50,0.05,2,50,200,0,0,
50,0.05,2,50,200,0,0,
50,0.05,2,50,200,0,0,
50,0.05,2,50,200,0,0,
50,0.05,2,50,200,0,0,
50,0.05,2,50,200,0,0,
50,0.05,2,80,200,0,0,
50,0.05,2,80,200,0,0,
50,0.05,2,80,200,0,0,
50,0.05,2,80,200,0,0,
50,0.05,2,80,200,0,0,
50,0.05,2,80,200,0,0,
50,0.05,2,80,200,0,0,
50,0.05,2,80,200,0,0,
50,0.05,2,80,200,0,0,
50,0.05,2,80,200,0,0,
50,0.05,5,10,200,0,0,
50,0.01,10,80,200,0,970,
50,0.05,5,10,200,0,0,
50,0.05,5,10,200,0,0,
50,0.05,5,10,200,0,95,
50,0.05,5,10,200,0,62,
50,0.05,5,10,200,0,103,
50,0.05,5,10,200,0,85,
50,0.05,5,10,200,0,70,
50,0.05,5,10,200,0,48,
50,0.05,5,10,200,0,79,
50,0.05,5,50,200,0,0,
50,0.05,5,50,200,0,0,
50,0.05,5,50,200,0,0,
50,0.05,5,50,200,0,0,
50,0.05,5,50,200,0,0,
50,0.05,5,50,200,0,0,
50,0.05,5,50,200,0,0,
50,0.05,5,50,200,0,0,
50,0.05,5,50,200,0,0,
50,0.05,5,50,200,0,0,
50,0.05,5,80,200,0,0,
50,0.05,5,80,200,0,0,
50,0.05,5,80,200,0,0,
50,0.05,5,80,200,0,0,
50,0.05,5,80,200,0,0,
50,0.05,5,80,200,0,0,
50,0.05,5,80,200,0,0,
50,0.05,5,80,200,0,0,
50,0.05,5,80,200,0,0,
50,0.05,5,80,200,0,0,
50,0.05,10,10,200,0,207,
50,0.05,10,10,200,0,182,
50,0.05,10,10,200,0,178,
50,0.05,10,10,200,0,192,
50,0.05,10,10,200,0,206,
50,0.05,10,10,200,0,197,
50,0.05,10,10,200,0,197,
50,0.05,10,10,200,0,190,
50,0.05,10,10,200,0,189,
50,0.05,10,10,200,0,192,
50,0.05,10,50,200,0,204,
50,0.05,10,50,200,0,198,
50,0.05,10,50,200,0,188,
50,0.05,10,50,200,0,184,
50,0.05,10,50,200,0,194,
50,0.05,10,50,200,0,207,
50,0.05,10,50,200,0,190,
50,0.05,10,50,200,0,223,
50,0.05,10,50,200,0,195,
50,0.05,10,50,200,0,202,
50,0.01,10,80,200,0,964,
50,0.01,10,80,200,0,968,
50,0.05,10,80,200,0,193,
50,0.05,10,80,200,0,185,
50,0.05,10,80,200,0,191,
50,0.05,10,80,200,0,181,
50,0.05,10,80,200,0,174,
50,0.05,10,80,200,0,209,
50,0.05,10,80,200,0,211,
50,0.08,2,10,200,0,0,
50,0.08,2,10,200,0,0,
50,0.08,2,10,200,0,0,
50,0.08,2,10,200,0,0,
50,0.08,2,10,200,0,0,
50,0.08,2,10,200,0,0,
50,0.08,2,10,200,0,0,
50,0.08,2,10,200,0,0,
50,0.08,2,10,200,0,0,
50,0.08,2,10,200,0,0,
50,0.08,2,50,200,0,0,
50,0.08,2,50,200,0,0,
50,0.08,2,50,200,0,0,
50,0.08,2,50,200,0,0,
50,0.08,2,50,200,0,0,
50,0.08,2,50,200,0,0,
50,0.08,2,50,200,0,0,
50,0.08,2,50,200,0,0,
50,0.08,2,50,200,0,0,
50,0.08,2,50,200,0,0,
50,0.08,2,80,200,0,0,
50,0.08,2,80,200,0,0,
50,0.05,10,80,200,0,195,
50,0.08,2,80,200,0,0,
50,0.08,2,80,200,0,0,
50,0.08,2,80,200,0,0,
50,0.08,2,80,200,0,0,
50,0.08,2,80,200,0,0,
50,0.08,2,80,200,0,0,
50,0.08,2,80,200,0,0,
50,0.08,2,80,200,0,0,
50,0.05,10,80,200,0,170,
50,0.08,5,10,200,0,0,
50,0.08,5,10,200,0,0,
50,0.08,5,10,200,0,0,
50,0.08,5,10,200,0,0,
50,0.08,5,10,200,0,0,
50,0.08,5,10,200,0,0,
50,0.08,5,10,200,0,0,
50,0.08,5,10,200,0,0,
50,0.08,5,10,200,0,0,
50,0.08,5,10,200,0,0,
50,0.08,5,50,200,0,0,
50,0.08,5,50,200,0,0,
50,0.08,5,50,200,0,0,
50,0.08,5,50,200,0,0,
50,0.08,5,50,200,0,0,
50,0.08,5,50,200,0,0,
50,0.08,5,50,200,0,0,
50,0.08,5,50,200,0,0,
50,0.08,5,50,200,0,0,
50,0.08,5,50,200,0,0,
50,0.08,5,80,200,0,0,
50,0.08,5,80,200,0,0,
50,0.08,5,80,200,0,0,
50,0.08,5,80,200,0,0,
50,0.08,5,80,200,0,0,
50,0.08,5,80,200,0,0,
50,0.08,5,80,200,0,0,
50,0.08,5,80,200,0,0,
50,0.08,5,80,200,0,0,
50,0.08,5,80,200,0,0,
50,0.05,10,80,200,0,207,
50,0.08,10,10,200,0,116,
50,0.08,10,10,200,0,126,
50,0.08,10,10,200,0,128,
50,0.08,10,10,200,0,131,
50,0.08,10,10,200,0,124,
50,0.08,10,10,200,0,95,
50,0.08,10,10,200,0,120,
50,0.08,10,50,200,0,0,
50,0.08,10,10,200,0,107,
50,0.08,10,10,200,0,86,
50,0.08,10,10,200,0,117,
50,0.08,10,50,200,0,0,
50,0.08,10,50,200,0,0,
50,0.08,10,50,200,0,0,
50,0.08,10,50,200,0,0,
50,0.08,10,50,200,0,0,
50,0.08,10,50,200,0,0,
50,0.08,10,50,200,0,0,
50,0.08,10,50,200,0,0,
50,0.08,10,80,200,0,0,
50,0.08,10,80,200,0,0,
50,0.08,10,80,200,0,0,
50,0.08,10,80,200,0,0,
50,0.08,10,80,200,0,0,
50,0.08,10,50,200,0,79,
50,0.08,10,80,200,0,0,
50,0.08,10,80,200,0,0,
50,0.08,10,80,200,0,0,
50,0.08,10,80,200,0,0,
50,0.08,10,80,200,0,1,
100,0.01,2,10,200,0,208,
100,0.01,2,10,200,0,197,
100,0.01,2,10,200,0,205,
100,0.01,2,10,200,0,214,
100,0.01,2,10,200,0,199,
100,0.01,2,10,200,0,215,
100,0.01,2,10,200,0,192,
100,0.01,2,10,200,0,204,
100,0.01,2,10,200,0,221,
100,0.01,2,10,200,0,210,
100,0.01,2,50,200,0,202,
100,0.01,2,50,200,0,199,
100,0.01,2,50,200,0,198,
100,0.01,2,50,200,0,192,
100,0.01,2,50,200,0,211,
100,0.01,2,50,200,0,195,
100,0.01,2,50,200,0,195,
100,0.01,2,50,200,0,220,
100,0.01,2,50,200,0,191,
100,0.01,2,50,200,0,217,
100,0.01,2,80,200,0,204,
100,0.01,2,80,200,0,201,
100,0.01,2,80,200,0,189,
100,0.01,2,80,200,0,214,
100,0.01,2,80,200,0,196,
100,0.01,2,80,200,0,185,
100,0.01,2,80,200,0,192,
100,0.01,2,80,200,0,188,
100,0.01,2,80,200,0,206,
100,0.01,2,80,200,0,213,
100,0.01,5,10,200,0,503,
100,0.01,5,10,200,0,502,
100,0.01,5,10,200,0,488,
100,0.01,5,10,200,0,498,
100,0.01,5,10,200,0,495,
100,0.01,5,10,200,0,472,
100,0.01,5,10,200,0,486,
100,0.01,5,10,200,0,493,
100,0.01,5,10,200,0,497,
100,0.01,5,10,200,0,508,
100,0.01,5,50,200,0,513,
100,0.01,5,50,200,0,497,
100,0.01,5,50,200,0,487,
100,0.01,5,50,200,0,452,
100,0.01,5,50,200,0,532,
100,0.01,5,50,200,0,514,
100,0.01,5,50,200,0,474,
100,0.01,5,50,200,0,478,
100,0.01,5,50,200,0,507,
100,0.01,5,50,200,0,514,
100,0.01,5,80,200,0,490,
100,0.01,5,80,200,0,518,
100,0.01,5,80,200,0,491,
100,0.01,5,80,200,0,499,
100,0.01,5,80,200,0,514,
100,0.01,5,80,200,0,489,
100,0.01,5,80,200,0,491,
100,0.01,5,80,200,0,476,
100,0.01,5,80,200,0,497,
100,0.01,5,80,200,0,488,
100,0.01,10,10,200,0,971,
100,0.01,10,10,200,0,970,
100,0.01,10,10,200,0,988,
100,0.01,10,10,200,0,975,
100,0.01,10,10,200,0,990,
100,0.01,10,10,200,0,996,
100,0.01,10,10,200,0,961,
100,0.01,10,10,200,0,1028,
100,0.01,10,10,200,0,985,
100,0.01,10,10,200,0,974,
100,0.01,10,50,200,0,1030,
100,0.01,10,50,200,0,957,
100,0.01,10,50,200,0,1010,
100,0.01,10,50,200,0,1000,
100,0.01,10,50,200,0,943,
100,0.01,10,50,200,0,982,
100,0.01,10,50,200,0,984,
100,0.01,10,50,200,0,982,
100,0.01,10,50,200,0,979,
100,0.01,10,50,200,0,995,
100,0.01,10,80,200,0,1000,
100,0.01,10,80,200,0,996,
100,0.01,10,80,200,0,996,
100,0.01,10,80,200,0,972,
100,0.01,10,80,200,0,1010,
100,0.01,10,80,200,0,971,
100,0.01,10,80,200,0,955,
100,0.05,2,10,200,0,0,
100,0.05,2,10,200,0,0,
100,0.05,2,10,200,0,0,
100,0.05,2,10,200,0,0,
100,0.05,2,10,200,0,0,
100,0.05,2,10,200,0,0,
100,0.05,2,10,200,0,0,
100,0.05,2,10,200,0,0,
100,0.05,2,10,200,0,0,
100,0.05,2,10,200,0,0,
100,0.05,2,50,200,0,0,
100,0.05,2,50,200,0,0,
100,0.05,2,50,200,0,0,
100,0.05,2,50,200,0,0,
100,0.05,2,50,200,0,0,
100,0.05,2,50,200,0,0,
100,0.05,2,50,200,0,0,
100,0.05,2,50,200,0,0,
100,0.05,2,50,200,0,0,
100,0.05,2,50,200,0,0,
100,0.05,2,80,200,0,0,
100,0.05,2,80,200,0,0,
100,0.05,2,80,200,0,0,
100,0.05,2,80,200,0,0,
100,0.05,2,80,200,0,0,
100,0.05,2,80,200,0,0,
100,0.05,2,80,200,0,0,
100,0.05,2,80,200,0,0,
100,0.05,2,80,200,0,0,
100,0.05,2,80,200,0,0,
100,0.05,5,10,200,0,0,
100,0.05,5,10,200,0,85,
100,0.05,5,10,200,0,0,
100,0.01,10,80,200,0,986,
100,0.05,5,10,200,0,91,
100,0.05,5,10,200,0,3,
100,0.05,5,10,200,0,0,
100,0.05,5,10,200,0,76,
100,0.05,5,10,200,0,0,
100,0.05,5,10,200,0,9,
100,0.05,5,50,200,0,0,
100,0.05,5,10,200,0,69,
100,0.05,5,50,200,0,0,
100,0.05,5,50,200,0,0,
100,0.05,5,50,200,0,0,
100,0.05,5,50,200,0,0,
100,0.05,5,50,200,0,0,
100,0.05,5,50,200,0,0,
100,0.05,5,50,200,0,0,
100,0.05,5,50,200,0,0,
100,0.05,5,50,200,0,0,
100,0.05,5,80,200,0,0,
100,0.05,5,80,200,0,0,
100,0.05,5,80,200,0,0,
100,0.05,5,80,200,0,0,
100,0.05,5,80,200,0,0,
100,0.05,5,80,200,0,0,
100,0.05,5,80,200,0,0,
100,0.05,5,80,200,0,0,
100,0.05,5,80,200,0,0,
100,0.05,5,80,200,0,0,
100,0.05,10,10,200,0,204,
100,0.05,10,10,200,0,189,
100,0.05,10,10,200,0,183,
100,0.05,10,10,200,0,198,
100,0.05,10,10,200,0,191,
100,0.05,10,10,200,0,208,
100,0.05,10,10,200,0,192,
100,0.05,10,10,200,0,185,
100,0.05,10,10,200,0,196,
100,0.05,10,10,200,0,206,
100,0.05,10,50,200,0,198,
100,0.05,10,50,200,0,187,
100,0.05,10,50,200,0,198,
100,0.05,10,50,200,0,191,
100,0.05,10,50,200,0,194,
100,0.05,10,50,200,0,201,
100,0.05,10,50,200,0,177,
100,0.05,10,50,200,0,194,
100,0.01,10,80,200,0,995,
100,0.05,10,50,200,0,195,
100,0.05,10,50,200,0,200,
100,0.01,10,80,200,0,938,
100,0.05,10,80,200,0,184,
100,0.05,10,80,200,0,210,
100,0.05,10,80,200,0,197,
100,0.05,10,80,200,0,190,
100,0.05,10,80,200,0,200,
100,0.05,10,80,200,0,191,
100,0.05,10,80,200,0,185,
100,0.08,2,10,200,0,0,
100,0.08,2,10,200,0,0,
100,0.08,2,10,200,0,0,
100,0.05,10,80,200,0,198,
100,0.08,2,10,200,0,0,
100,0.08,2,10,200,0,0,
100,0.08,2,10,200,0,0,
100,0.08,2,10,200,0,0,
100,0.08,2,10,200,0,0,
100,0.08,2,10,200,0,0,
100,0.08,2,10,200,0,0,
100,0.08,2,50,200,0,0,
100,0.08,2,50,200,0,0,
100,0.08,2,50,200,0,0,
100,0.08,2,50,200,0,0,
100,0.08,2,50,200,0,0,
100,0.08,2,50,200,0,0,
100,0.08,2,50,200,0,0,
100,0.08,2,50,200,0,0,
100,0.08,2,50,200,0,0,
100,0.08,2,50,200,0,0,
100,0.08,2,80,200,0,0,
100,0.08,2,80,200,0,0,
100,0.08,2,80,200,0,0,
100,0.08,2,80,200,0,0,
100,0.08,2,80,200,0,0,
100,0.08,2,80,200,0,0,
100,0.08,2,80,200,0,0,
100,0.08,2,80,200,0,0,
100,0.08,2,80,200,0,0,
100,0.08,2,80,200,0,0,
100,0.08,5,10,200,0,0,
100,0.08,5,10,200,0,0,
100,0.08,5,10,200,0,0,
100,0.08,5,10,200,0,0,
100,0.08,5,10,200,0,0,
100,0.08,5,10,200,0,0,
100,0.08,5,10,200,0,0,
100,0.08,5,10,200,0,0,
100,0.08,5,10,200,0,0,
100,0.08,5,10,200,0,0,
100,0.08,5,50,200,0,0,
100,0.08,5,50,200,0,0,
100,0.08,5,50,200,0,0,
100,0.08,5,50,200,0,0,
100,0.08,5,50,200,0,0,
100,0.08,5,50,200,0,0,
100,0.08,5,50,200,0,0,
100,0.08,5,50,200,0,0,
100,0.08,5,50,200,0,0,
100,0.08,5,50,200,0,0,
100,0.08,5,80,200,0,0,
100,0.08,5,80,200,0,0,
100,0.08,5,80,200,0,0,
100,0.08,5,80,200,0,0,
100,0.08,5,80,200,0,0,
100,0.08,5,80,200,0,0,
100,0.08,5,80,200,0,0,
100,0.08,5,80,200,0,0,
100,0.08,5,80,200,0,0,
100,0.08,5,80,200,0,0,
100,0.05,10,80,200,0,187,
100,0.05,10,80,200,0,191,
100,0.08,10,10,200,0,118,
100,0.08,10,10,200,0,115,
100,0.08,10,10,200,0,115,
100,0.08,10,10,200,0,118,
100,0.08,10,10,200,0,114,
100,0.08,10,10,200,0,106,
100,0.08,10,10,200,0,117,
100,0.08,10,10,200,0,107,
100,0.08,10,50,200,0,0,
100,0.08,10,50,200,0,0,
100,0.08,10,50,200,0,0,
100,0.08,10,10,200,0,129,
100,0.08,10,50,200,0,0,
100,0.08,10,10,200,0,122,
100,0.08,10,50,200,0,0,
100,0.08,10,50,200,0,0,
100,0.08,10,50,200,0,0,
100,0.08,10,50,200,0,0,
100,0.08,10,80,200,0,0,
100,0.08,10,80,200,0,0,
100,0.08,10,50,200,0,30,
100,0.08,10,50,200,0,0,
100,0.08,10,80,200,0,0,
100,0.08,10,80,200,0,0,
100,0.08,10,80,200,0,0,
100,0.08,10,80,200,0,0,
100,0.08,10,80,200,0,0,
100,0.08,10,80,200,0,0,
100,0.08,10,80,200,0,0,
100,0.08,10,80,200,0,0,
