24.0 0.0
20.0 0.0
18.0 0.0
13.0 0.0
9.0 0.0
14.0 0.0
9.0 0.0
8.0 0.0
12.0 0.0
7.0 0.0
3.0 0.0
6.0 0.0
3.0 0.0
4.0 0.0
4.0 0.0
5.0 0.0
11.0 0.0
9.0 0.0
12.0 0.0
12.0 0.0
11.0 0.0
18.0 0.0
21.0 0.0
20.0 0.0
23.0 0.0
20.0 0.0
19.0 0.0
22.0 0.0
17.0 0.0
22.0 0.0
26.0 0.0
27.0 0.0
27.0 0.0
25.0 0.0
29.0 0.0
28.0 0.0
24.0 0.0
25.0 0.0
21.0 0.0
18.0 0.0
16.0 0.0
16.0 0.0
19.0 0.0
18.0 0.0
18.0 0.0
18.0 0.0
19.0 0.0
27.0 0.0
27.0 0.0
28.0 0.0
27.0 -4.1
28.0 -4.0
32.0 -7.5
32.0 -2.9
37.0 0.7
36.0 -2.3
36.0 -3.6
35.0 1.0
34.0 -1.2
41.0 4.3
44.0 2.8
37.0 -3.6
39.0 4.2
42.0 1.6
40.0 -0.9
38.0 -0.4
32.0 2.9
36.0 0.1
35.0 3.0
35.0 0.9
32.0 -0.1
32.0 0.1
28.0 2.4
28.0 5.4
27.0 6.0
29.0 4.2
27.0 5.4
27.0 2.5
26.0 4.9
22.0 7.9
21.0 10.3
23.0 2.6
22.0 3.7
25.0 6.2
22.0 3.1
28.0 1.0
27.0 4.1
29.0 0.4
33.0 -0.9
38.0 6.2
42.0 2.5
41.0 5.6
42.0 1.0
42.0 4.3
41.0 -1.3
37.0 3.9
38.0 -1.0
36.0 5.2
36.0 7.3
34.0 3.3
34.0 4.3
33.0 5.2
30.0 10.1
28.0 5.1
26.0 8.1
28.0 5.5
32.0 -1.3
36.0 0.7
36.0 6.3
37.0 5.4
41.0 4.2
44.0 2.2
41.0 1.3
37.0 4.5
33.0 0.7
31.0 1.7
31.0 0.6
29.0 6.2
31.0 1.7
32.0 4.2
37.0 2.7
29.0 2.1
26.0 2.4
25.0 2.7
27.0 0.4
28.0 0.8
30.0 -0.3
28.0 5.3
34.0 2.9
32.0 1.6
33.0 1.5
33.0 2.2
38.0 7.4
38.0 -0.9
37.0 0.9
33.0 2.6
38.0 3.4
37.0 5.0
37.0 3.1
31.0 1.1
27.0 3.6
25.0 -0.6
20.0 0.8
19.0 3.1
17.0 1.1
15.0 1.4
12.0 4.4
8.0 -2.8
2.0 1.9
6.0 4.1
6.0 3.2
9.0 0.7
12.0 -0.4
18.0 -1.5
15.0 1.2
12.0 5.6
12.0 8.2
7.0 7.2
9.0 5.8
8.0 5.1
4.0 4.2
1.0 4.3
7.0 8.3
7.0 5.9
7.0 5.1
6.0 3.2
10.0 5.9
8.0 4.9
10.0 1.8
13.0 4.1
13.0 3.6
18.0 4.1
24.0 3.9
26.0 2.8
17.0 1.8
15.0 0.8
17.0 7.3
17.0 0.5
13.0 1.1
15.0 -2.7
13.0 3.0
13.0 3.4
11.0 -3.3
8.0 -0.2
9.0 9.4
13.0 5.3
13.0 3.1
14.0 5.4
14.0 4.1
21.0 3.4
25.0 0.1
30.0 1.2
28.0 0.9
22.0 3.3
26.0 2.6
27.0 -1.4
31.0 3.3
34.0 3.6
32.0 -0.2
31.0 0.6
36.0 -0.4
34.0 4.6
34.0 2.5
34.0 2.3
31.0 -2.1
32.0 -0.5
30.0 -2.6
34.0 -2.6
32.0 -6.1
25.0 -5.7
23.0 3.3
23.0 4.3
18.0 0.9
20.0 1.5
25.0 1.8
29.0 5.3
30.0 -0.8
28.0 -4.4
27.0 3.5
24.0 2.2
20.0 5.3
22.0 1.8
20.0 -0.2
15.0 0.2
17.0 3.4
16.0 4.0
15.0 -0.6
14.0 0.3
12.0 -2.9
16.0 5.8
17.0 2.0
18.0 1.9
18.0 6.3
21.0 6.7
18.0 1.1
11.0 -2.1
10.0 -0.6
11.0 -4.9
10.0 3.3
6.0 3.7
5.0 8.4
2.0 3.1
6.0 12.8
13.0 0.1
12.0 7.3
17.0 6.9
18.0 5.2
19.0 3.0
21.0 6.5
22.0 7.4
20.0 4.6
23.0 3.9
21.0 1.2
20.0 4.4
25.0 7.6
24.0 2.8
24.0 3.8
26.0 6.1
26.0 4.7
31.0 7.0
32.0 -3.5
38.0 -3.4
42.0 4.5
42.0 0.1
37.0 5.4
31.0 -0.2
25.0 3.0
29.0 7.9
30.0 -0.9
30.0 7.4
30.0 -0.9
31.0 3.7
32.0 7.1
34.0 5.1
37.0 5.1
38.0 5.1
39.0 4.0
39.0 6.3
42.0 6.5
40.0 1.0
38.0 0.0
37.0 4.3
36.0 -0.1
36.0 0.2
38.0 3.0
42.0 3.9
39.0 1.8
34.0 1.6
36.0 -6.7
38.0 -1.8
35.0 -4.9
39.0 -0.6
40.0 -3.9
41.0 -2.4
41.0 -7.4
34.0 -0.4
35.0 -0.8
37.0 -1.1
41.0 -3.4
36.0 -2.0
37.0 5.1
37.0 5.3
38.0 1.8
38.0 1.5
39.0 -1.1
37.0 5.3
37.0 5.3
37.0 5.7
34.0 -0.1
34.0 3.8
39.0 9.7
35.0 13.6
32.0 0.4
31.0 2.4
34.0 6.0
37.0 5.7
37.0 3.2
40.0 -2.8
38.0 7.7
42.0 -3.7
43.0 0.1
41.0 2.8
43.0 0.2
46.0 3.0
42.0 1.4
44.0 1.6
44.0 6.8
46.0 4.5
45.0 5.1
47.0 4.3
48.0 2.9
48.0 -2.7
47.0 3.8
39.0 0.3
43.0 3.4
41.0 4.0
41.0 4.6
43.0 5.5
42.0 9.8
41.0 7.4
43.0 9.2
40.0 1.8
43.0 6.0
44.0 9.9
43.0 9.3
50.0 3.9
44.0 1.5
44.0 4.8
45.0 4.3
47.0 8.4
46.0 2.8
45.0 0.9
47.0 5.3
46.0 8.3
39.0 8.9
38.0 0.5
36.0 5.5
33.0 -2.2
34.0 5.9
34.0 -3.0
31.0 -3.5
35.0 -2.9
35.0 2.8
35.0 3.9
35.0 -0.3
37.0 7.2
41.0 8.4
39.0 5.8
39.0 3.5
36.0 2.9
33.0 5.5
32.0 4.3
28.0 0.2
25.0 1.3
30.0 4.2
33.0 -2.2
32.0 -3.5
33.0 0.1
30.0 1.1
26.0 2.2
22.0 3.4
20.0 4.3
18.0 7.6
24.0 1.3
25.0 -0.6
24.0 1.3
26.0 -0.5
21.0 3.9
20.0 -1.2
21.0 -2.0
22.0 0.0
23.0 6.0
20.0 0.4
16.0 3.9
16.0 4.6
12.0 4.4
18.0 8.8
13.0 7.2
12.0 6.0
13.0 3.5
14.0 1.7
12.0 7.4
10.0 5.0
11.0 6.7
18.0 -2.2
19.0 6.3
18.0 -1.2
20.0 2.8
23.0 2.1
21.0 9.0
22.0 1.7
22.0 2.6
23.0 0.5
22.0 3.8
21.0 4.0
21.0 1.4
20.0 2.1
17.0 7.2
12.0 3.4
13.0 4.0
18.0 3.2
13.0 3.1
11.0 6.1
15.0 2.1
11.0 2.3
6.0 8.4
7.0 6.1
7.0 6.9
11.0 3.3
13.0 2.4
15.0 1.1
16.0 2.1
21.0 -3.3
19.0 6.3
19.0 5.1
24.0 4.5
22.0 8.0
24.0 5.3
23.0 9.9
25.0 3.0
23.0 0.5
23.0 3.4
26.0 3.6
25.0 -5.1
25.0 -0.6
24.0 -2.4
21.0 -5.0
27.0 0.2
28.0 -1.1
27.0 1.6
28.0 0.9
31.0 -3.7
31.0 -4.7
30.0 -4.5
31.0 3.7
35.0 0.0
39.0 4.9
36.0 4.9
33.0 2.7
34.0 0.4
34.0 2.7
30.0 3.2
26.0 3.7
24.0 -1.6
26.0 0.2
26.0 -1.7
25.0 -4.1
28.0 -2.4
35.0 0.8
31.0 3.2
27.0 4.2
31.0 -4.8
33.0 -0.9
31.0 1.7
35.0 -0.6
38.0 -2.6
36.0 -2.0
28.0 -1.0
25.0 0.4
21.0 2.4
24.0 0.2
23.0 3.2
18.0 5.1
17.0 1.8
10.0 1.1
8.0 1.6
7.0 -1.4
7.0 -0.2
5.0 -4.8
-2.0 5.1
-3.0 4.0
-2.0 -0.4
-4.0 -2.0
-4.0 7.2
-4.0 1.3
1.0 1.1
2.0 6.0
0.0 2.0
-2.0 1.3
0.0 -0.8
-1.0 4.6
-2.0 6.2
-9.0 9.1
-11.0 4.5
-12.0 3.5
-16.0 -0.3
-18.0 1.3
-17.0 -0.7
-16.0 3.8
-16.0 4.6
-18.0 4.9
-17.0 0.4
-13.0 0.9
-12.0 9.6
-17.0 0.2
-17.0 4.0
-13.0 7.5
-14.0 6.5
-21.0 5.4
-16.0 3.3
-13.0 0.0
-14.0 9.9
-15.0 4.1
-16.0 5.1
-15.0 2.3
-14.0 4.1
-12.0 4.4
-10.0 1.8
-8.0 1.8
-5.0 2.3
-10.0 7.3
-9.0 -3.2
-4.0 1.0
-3.0 2.1
1.0 -0.4
1.0 2.2
1.0 2.1
5.0 -0.5
5.0 4.5
8.0 0.7
10.0 -2.2
9.0 -1.3
7.0 1.8
9.0 -2.0
8.0 1.9
8.0 2.1
9.0 -1.1
9.0 -4.2
9.0 3.5
8.0 2.6
7.0 -1.0
9.0 -0.1
10.0 -4.1
14.0 -1.2
11.0 -4.9
13.0 1.2
14.0 -4.3
12.0 2.5
12.0 -3.0
12.0 -2.9
17.0 -1.3
19.0 -1.9
18.0 -1.1
19.0 -4.3
26.0 -1.3
27.0 -3.8
27.0 -1.7
29.0 -2.3
37.0 -1.9
35.0 -1.0
33.0 1.8
35.0 -1.7
39.0 2.4
35.0 0.6
34.0 1.7
34.0 2.3
28.0 -1.7
35.0 2.4
38.0 -4.2
41.0 -4.4
42.0 -5.0
42.0 3.4
39.0 -5.6
38.0 0.5
38.0 2.6
41.0 -0.5
44.0 -1.8
40.0 -0.4
44.0 1.8
41.0 -2.8
40.0 -0.2
37.0 6.0
42.0 -1.3
41.0 1.7
42.0 4.8
41.0 2.9
39.0 1.0
37.0 3.0
38.0 -2.3
38.0 -4.4
38.0 -0.3
34.0 -5.6
39.0 2.9
34.0 1.0
37.0 2.8
38.0 -2.5
36.0 3.9
38.0 1.5
39.0 8.0
41.0 0.6
36.0 2.5
34.0 4.2
37.0 2.9
35.0 1.7
28.0 9.8
24.0 3.3
23.0 -1.6
20.0 -1.8
18.0 2.9
14.0 5.1
15.0 -1.7
14.0 5.3
12.0 1.0
17.0 2.0
16.0 0.7
14.0 -1.8
14.0 0.7
14.0 4.1
11.0 9.3
9.0 7.9
9.0 4.8
6.0 0.9
7.0 7.9
9.0 -1.4
9.0 -2.1
6.0 4.0
4.0 6.2
7.0 9.0
5.0 0.8
11.0 4.8
13.0 9.4
16.0 2.6
10.0 8.8
10.0 5.9
5.0 4.5
1.0 6.7
0.0 6.3
-2.0 7.8
-4.0 4.1
-8.0 9.4
-5.0 7.3
-3.0 10.1
-3.0 4.8
-3.0 5.2
-7.0 2.8
-8.0 5.5
-5.0 4.8
-6.0 2.6
-7.0 -1.1
-8.0 5.4
-4.0 5.6
-2.0 4.3
-3.0 4.1
1.0 2.4
5.0 -2.0
5.0 0.3
4.0 3.8
3.0 3.5
1.0 0.4
-3.0 -2.5
-4.0 2.2
-5.0 -1.6
-6.0 -0.9
-10.0 -0.1
-9.0 4.3
-10.0 7.7
-7.0 3.0
-7.0 -6.3
-9.0 -0.1
-10.0 2.1
-9.0 1.2
-8.0 4.3
-10.0 -1.1
-9.0 2.6
-9.0 1.2
-10.0 -0.2
-12.0 -2.8
-15.0 -5.4
-15.0 0.0
-21.0 0.4
-19.0 -2.9
-20.0 0.7
-22.0 -0.7
-23.0 -3.2
-18.0 -5.5
-17.0 -4.3
-12.0 -6.5
-12.0 -4.3
-15.0 -4.4
-11.0 -1.2
-13.0 -4.8
-17.0 -6.0
-21.0 -8.2
-20.0 -4.1
-21.0 -0.3
-25.0 -0.9
-31.0 -4.0
-33.0 -2.2
-31.0 -0.2
-32.0 0.2
-35.0 -5.5
-37.0 -2.2
-37.0 1.3
-37.0 0.8
-37.0 -2.1
-36.0 1.9
-36.0 3.6
-35.0 6.3
-34.0 -1.6
-30.0 4.8
-30.0 5.0
-28.0 0.0
-29.0 3.1
-28.0 0.2
-28.0 -0.2
-28.0 -4.2
-29.0 0.4
-36.0 5.3
-34.0 0.2
-32.0 -2.8
-31.0 -2.3
-29.0 -1.4
-26.0 -1.5
-28.0 5.4
-29.0 -0.3
-33.0 -0.7
-29.0 -2.9
-29.0 -2.4
-30.0 -0.5
-28.0 -0.5
-36.0 -0.1
-36.0 -2.4
-33.0 -5.9
-33.0 -1.1
-36.0 -2.6
-33.0 0.6
-35.0 3.1
-32.0 -1.3
-25.0 6.2
-25.0 -0.7
-26.0 4.8
-25.0 3.3
-21.0 10.2
-20.0 0.7
-14.0 2.1
-9.0 -0.6
-8.0 2.1
-5.0 -1.7
-10.0 -2.4
-7.0 -6.9
-3.0 -2.6
1.0 -3.3
-4.0 -6.0
-9.0 -4.0
-9.0 -4.3
-7.0 -0.3
-7.0 -7.6
-3.0 -3.9
-4.0 0.1
-1.0 -4.9
-1.0 -3.9
-5.0 -4.8
-4.0 -2.2
-2.0 -0.8
0.0 -3.1
1.0 -2.5
2.0 -2.8
8.0 -7.5
9.0 -7.8
7.0 0.1
6.0 0.6
2.0 -5.6
2.0 -3.3
2.0 -7.8
5.0 -0.2
10.0 -2.7
7.0 0.5
10.0 0.1
11.0 -3.3
11.0 0.4
18.0 -1.5
18.0 -0.4
20.0 1.5
21.0 3.1
22.0 0.2
23.0 3.9
21.0 -2.2
17.0 -5.2
16.0 -5.3
13.0 -5.6
13.0 -6.3
14.0 -5.3
15.0 -4.8
14.0 1.7
6.0 -6.2
5.0 -5.2
6.0 -2.3
9.0 -1.7
14.0 0.7
14.0 -1.9
11.0 1.6
6.0 -0.9
12.0 3.5
17.0 -3.3
16.0 1.3
14.0 -2.5
12.0 -2.0
10.0 -7.8
7.0 -4.2
5.0 -3.4
2.0 -3.6
8.0 0.7
9.0 -0.9
11.0 -0.6
8.0 -2.1
10.0 -0.1
10.0 5.5
4.0 8.0
2.0 4.1
-1.0 -4.5
-1.0 -1.5
2.0 4.6
3.0 2.3
5.0 3.7
4.0 -1.7
0.0 -0.7
1.0 0.6
-2.0 3.8
-3.0 -0.3
-5.0 -0.6
-10.0 -2.0
-8.0 -1.3
-9.0 1.3
-16.0 -3.6
-14.0 2.4
-18.0 -3.7
-16.0 0.9
-15.0 4.8
-18.0 2.4
-18.0 4.1
-16.0 5.9
-16.0 1.7
-17.0 -0.7
-17.0 -0.2
-10.0 4.4
-10.0 7.2
-4.0 -0.2
-8.0 -0.4
-10.0 -1.4
-10.0 7.2
-11.0 1.8
-13.0 1.6
-14.0 -0.6
-19.0 2.7
-19.0 2.9
-17.0 2.7
-16.0 9.1
-16.0 5.7
-13.0 2.9
-13.0 1.3
-6.0 0.6
-9.0 1.0
-10.0 -2.5
-14.0 -2.6
-13.0 1.7
-12.0 -2.6
-14.0 -7.2
-9.0 -5.5
-7.0 1.0
-5.0 5.5
-2.0 6.3
-1.0 -1.2
-5.0 1.5
-4.0 -2.5
-5.0 4.2
-2.0 1.3
0.0 0.2
-1.0 -3.1
2.0 5.5
3.0 -2.6
7.0 0.7
3.0 -4.6
3.0 -2.9
10.0 3.2
7.0 -1.9
8.0 -1.6
5.0 -0.2
8.0 -0.4
11.0 -0.4
14.0 -4.2
10.0 -7.6
11.0 -4.6
8.0 -6.8
11.0 -4.9
13.0 -5.9
13.0 -1.5
12.0 -2.9
16.0 0.2
12.0 -0.1
11.0 -5.7
10.0 -5.6
17.0 -2.8
17.0 -4.9
20.0 -2.2
22.0 -4.5
18.0 -3.1
17.0 -5.1
16.0 -5.1
18.0 -0.3
21.0 0.6
18.0 1.3
17.0 2.5
17.0 0.8
14.0 2.2
12.0 1.9
6.0 -3.5
7.0 1.2
7.0 -3.9
6.0 -4.9
7.0 -3.0
5.0 -6.5
3.0 -0.7
6.0 -3.5
8.0 1.9
11.0 -5.1
13.0 -2.9
13.0 -0.7
15.0 0.6
13.0 -6.6
14.0 0.7
14.0 -1.2
17.0 0.2
17.0 0.8
18.0 -3.0
15.0 -0.5
14.0 0.0
12.0 -1.9
15.0 0.1
15.0 -1.8
15.0 0.5
15.0 1.7
15.0 5.6
15.0 7.4
15.0 3.9
15.0 5.0
15.0 0.5
15.0 -1.7
15.0 1.3
15.0 -0.8
15.0 2.2
15.0 5.4
15.0 1.3
15.0 2.7
15.0 0.7
15.0 2.5
15.0 -0.1
15.0 1.3
15.0 1.4
15.0 2.8
15.0 0.5
15.0 5.0
15.0 -2.4
15.0 1.6
15.0 -3.3
15.0 -1.0
15.0 5.7
15.0 1.0
15.0 6.2
15.0 5.4
15.0 -0.1
15.0 3.7
15.0 4.0
15.0 3.3
15.0 -0.8
15.0 5.0
15.0 1.1
15.0 4.0
15.0 3.8
15.0 5.6
15.0 7.9
15.0 4.6
15.0 7.1
15.0 2.3
15.0 2.3
15.0 4.0
15.0 1.9
15.0 4.3
15.0 1.3
15.0 3.2
