# P1 size difference,  P2 size difference, P1 ai difference, P2 ai difference
0 9.0 11.0 0.0 0.0
1 12.0 8.0 0.0 0.0
2 8.0 10.0 0.0 0.0
3 10.0 6.0 0.0 0.0
4 11.0 7.0 0.0 0.0
5 7.0 12.0 0.0 0.0
6 12.0 6.0 0.0 0.0
7 17.0 6.0 0.0 0.0
8 15.0 4.0 0.0 0.0
9 16.0 3.0 0.0 0.0
10 10.0 6.0 -0.7 -5.0
11 11.0 3.0 1.4 2.0
12 15.0 1.0 3.4 -8.4
13 13.0 3.0 -3.5 -4.2
14 16.0 -1.0 7.5 3.3
15 18.0 -4.0 6.5 -0.3
16 15.0 0.0 1.9 -5.6
17 14.0 -1.0 4.4 -0.2
18 11.0 6.0 0.5 -2.4
19 12.0 5.0 2.7 2.3
20 16.0 1.0 5.8 2.4
21 15.0 3.0 -2.1 -3.8
22 15.0 3.0 0.7 3.4
23 14.0 3.0 3.2 -1.2
24 10.0 1.0 -0.3 -3.7
25 12.0 0.0 1.3 1.4
26 11.0 1.0 7.3 -0.5
27 8.0 2.0 7.2 -1.8
28 9.0 0.0 3.9 2.7
29 1.0 3.0 3.6 0.5
30 -2.0 5.0 1.0 -5.7
31 0.0 6.0 1.0 3.0
32 1.0 4.0 -5.4 -0.3
33 -1.0 5.0 0.2 4.9
34 -2.0 10.0 -0.3 0.3
35 -8.0 14.0 3.9 1.0
36 -5.0 9.0 -2.4 1.8
37 -1.0 4.0 -7.1 3.6
38 0.0 5.0 -1.7 3.7
39 7.0 4.0 0.3 0.2
40 9.0 1.0 -4.1 6.5
41 8.0 0.0 3.8 -0.7
42 6.0 0.0 5.1 2.8
43 13.0 -4.0 1.6 -0.9
44 17.0 -8.0 -4.4 6.7
45 20.0 -8.0 -8.3 -0.3
46 20.0 -7.0 1.3 1.7
47 20.0 -3.0 4.6 2.3
48 18.0 -3.0 -0.7 -5.0
49 17.0 -8.0 -1.5 -0.7
50 18.0 -10.0 2.3 -2.3
51 14.0 -6.0 -4.5 -4.5
52 16.0 -5.0 -3.5 -5.0
53 11.0 -3.0 -0.6 -1.5
54 6.0 2.0 7.3 -5.9
55 3.0 3.0 5.8 -4.1
56 0.0 8.0 2.9 -1.0
57 -3.0 7.0 -1.3 -2.9
58 3.0 4.0 2.9 -0.2
59 1.0 8.0 0.1 2.0
60 -2.0 14.0 1.3 1.9
61 -7.0 15.0 1.5 2.4
62 -19.0 19.0 3.0 3.3
63 -23.0 19.0 -0.6 0.3
64 -25.0 18.0 -5.9 1.7
65 -20.0 11.0 -5.4 1.6
66 -19.0 8.0 -4.0 0.9
67 -23.0 12.0 -0.1 -1.1
68 -25.0 11.0 -1.3 1.8
69 -25.0 15.0 5.2 -1.1
70 -25.0 16.0 3.9 -0.5
71 -19.0 12.0 5.8 -0.1
72 -9.0 9.0 -3.1 1.6
73 -2.0 8.0 0.4 2.6
74 3.0 7.0 4.2 3.2
75 3.0 8.0 1.3 6.0
76 5.0 6.0 -1.7 2.0
77 6.0 5.0 -1.0 0.6
78 8.0 4.0 1.8 4.6
79 12.0 -1.0 -5.3 7.5
80 16.0 -5.0 -3.6 4.7
81 17.0 -5.0 -1.1 5.5
82 14.0 -4.0 1.9 1.0
83 8.0 -2.0 -2.9 5.7
84 6.0 -1.0 -4.6 -2.6
85 1.0 4.0 -2.9 -2.2
86 1.0 4.0 -0.5 0.5
87 3.0 6.0 0.9 1.5
88 -2.0 11.0 -2.7 -2.1
89 -7.0 14.0 4.1 -1.5
90 -8.0 12.0 0.5 -1.3
91 -5.0 12.0 -3.5 2.3
92 -6.0 13.0 4.0 0.1
93 2.0 10.0 3.3 -2.8
94 1.0 11.0 1.8 2.3
95 4.0 10.0 5.2 2.6
96 4.0 10.0 1.8 -3.4
97 7.0 5.0 -1.8 7.1
98 5.0 4.0 2.4 3.2
99 3.0 5.0 -5.0 -3.6
100 0.0 7.0 -3.2 -0.5
101 0.0 3.0 -1.6 -4.9
102 -1.0 2.0 -3.6 4.1
103 -6.0 7.0 -0.2 -0.7
104 -5.0 5.0 -1.9 3.5
105 -7.0 5.0 -5.2 -2.5
106 -6.0 4.0 -3.0 -1.3
107 -9.0 8.0 0.8 -7.4
108 -3.0 5.0 -4.4 -1.2
109 4.0 2.0 0.5 4.1
110 9.0 2.0 -4.0 1.8
111 4.0 10.0 3.9 -0.6
112 8.0 8.0 -3.2 -5.5
113 8.0 5.0 0.3 -0.3
114 8.0 5.0 3.0 -5.7
115 14.0 2.0 3.2 -2.2
116 14.0 3.0 2.4 2.8
117 15.0 3.0 0.6 4.4
118 14.0 2.0 4.6 -2.8
119 12.0 2.0 1.3 -2.3
120 6.0 5.0 6.4 -2.0
121 6.0 3.0 -1.9 -0.2
122 9.0 3.0 3.6 2.7
123 6.0 5.0 -2.2 0.8
124 11.0 2.0 -3.3 2.9
125 6.0 7.0 -0.1 5.1
126 6.0 6.0 1.1 1.1
127 6.0 7.0 4.0 -0.3
128 1.0 11.0 -2.4 5.8
129 -4.0 15.0 2.2 4.9
130 -4.0 16.0 1.8 3.5
131 0.0 13.0 -1.5 5.6
132 -8.0 16.0 1.4 6.0
133 -6.0 15.0 1.9 2.1
134 -9.0 18.0 5.8 -2.1
135 -4.0 13.0 6.1 -0.4
136 -9.0 15.0 -0.6 4.2
137 -12.0 13.0 1.6 1.2
138 -9.0 14.0 3.2 -1.9
139 -3.0 10.0 2.2 -2.0
140 0.0 4.0 0.8 0.8
141 1.0 4.0 -0.7 -0.5
142 1.0 1.0 -3.9 -6.5
143 4.0 -4.0 -0.9 1.2
144 2.0 -4.0 -0.4 2.5
145 -2.0 1.0 -1.2 1.4
146 -2.0 4.0 -2.2 -2.4
147 0.0 5.0 -9.0 -0.7
148 -4.0 4.0 -2.2 2.0
149 -7.0 8.0 -5.2 -0.6
150 -9.0 14.0 -1.4 -0.9
151 -10.0 14.0 6.9 -3.6
152 -2.0 13.0 6.4 2.9
153 0.0 16.0 1.8 -5.3
154 0.0 12.0 -3.3 3.6
155 0.0 8.0 -2.9 1.7
156 5.0 3.0 1.2 2.5
157 6.0 1.0 6.3 2.6
158 10.0 0.0 -2.1 2.7
159 14.0 -3.0 0.7 5.1
160 14.0 -2.0 -3.7 2.8
161 15.0 -5.0 -3.6 3.0
162 13.0 -7.0 -9.8 3.2
163 12.0 -7.0 0.3 7.1
164 13.0 -1.0 -1.7 -1.8
165 17.0 -1.0 -3.8 -4.6
166 13.0 2.0 -2.8 0.5
167 16.0 2.0 -0.6 2.1
168 16.0 5.0 4.0 -6.8
169 14.0 2.0 5.6 -3.3
170 15.0 1.0 4.5 -2.6
171 9.0 7.0 4.9 -0.4
172 7.0 15.0 11.1 -1.7
173 4.0 18.0 1.1 -2.3
174 9.0 12.0 8.0 -0.4
175 8.0 12.0 7.6 2.7
176 6.0 14.0 10.1 2.5
177 1.0 16.0 0.0 -4.7
178 1.0 14.0 5.8 5.1
179 -2.0 14.0 -0.5 -1.9
180 -2.0 10.0 0.9 2.9
181 4.0 5.0 -5.7 4.9
182 7.0 -2.0 -2.7 -1.2
183 5.0 -4.0 0.2 -0.9
184 -1.0 -2.0 -5.6 5.5
185 -1.0 -5.0 1.2 4.1
186 4.0 -11.0 -5.9 0.0
187 9.0 -16.0 -1.6 6.1
188 10.0 -21.0 -5.0 1.1
189 11.0 -15.0 -0.6 4.1
190 13.0 -17.0 0.5 -2.1
191 9.0 -12.0 1.7 -2.7
192 4.0 -7.0 0.3 -2.3
193 4.0 -5.0 5.2 4.7
194 4.0 -6.0 1.3 -4.3
195 0.0 -2.0 0.4 -5.3
196 -5.0 4.0 0.6 -2.2
197 -8.0 4.0 1.6 -2.5
198 -9.0 11.0 2.3 -2.3
199 -13.0 10.0 -0.6 -3.4
200 -14.0 12.0 2.2 -1.4
201 -10.0 6.0 2.0 -0.2
202 -9.0 8.0 -1.6 4.5
203 -8.0 5.0 -4.3 -6.3
204 -3.0 4.0 1.8 -1.1
205 0.0 2.0 0.6 2.6
206 1.0 1.0 4.6 -3.4
207 -2.0 2.0 2.2 -3.6
208 -4.0 1.0 -5.4 -3.2
209 -3.0 2.0 -0.1 -1.2
210 -5.0 7.0 -4.5 6.5
211 -12.0 12.0 -1.0 2.7
212 -16.0 10.0 -1.0 1.6
213 -18.0 12.0 1.5 6.3
214 -18.0 9.0 1.7 2.1
215 -17.0 8.0 -3.6 1.2
216 -17.0 9.0 -4.3 2.3
217 -15.0 11.0 -0.7 0.3
218 -11.0 8.0 4.4 2.8
219 -4.0 4.0 1.0 4.6
220 -4.0 1.0 4.0 -0.6
221 -1.0 2.0 2.7 -2.9
222 2.0 2.0 2.5 -2.8
223 8.0 0.0 -2.6 -3.6
224 6.0 4.0 -3.8 1.2
225 3.0 10.0 -2.4 1.4
226 2.0 10.0 0.1 2.7
227 0.0 13.0 1.1 0.0
228 -3.0 15.0 -2.4 -1.3
229 -11.0 20.0 -3.1 1.7
230 -10.0 22.0 -5.4 -0.4
231 -12.0 22.0 -8.3 5.0
232 -6.0 15.0 -3.2 5.3
233 -5.0 10.0 -2.4 5.6
234 -7.0 15.0 1.7 3.2
235 -9.0 9.0 1.7 -2.0
236 -6.0 7.0 -5.1 0.0
237 -2.0 4.0 -5.4 0.9
238 2.0 -3.0 0.6 7.3
239 4.0 -5.0 -3.0 2.0
240 3.0 -6.0 3.1 4.3
241 2.0 -8.0 4.5 -1.5
242 -3.0 -1.0 2.3 4.2
243 -9.0 7.0 4.5 -1.9
244 -6.0 -1.0 3.5 1.9
245 -8.0 3.0 3.7 3.7
246 -8.0 3.0 6.6 3.6
247 -10.0 4.0 4.6 5.4
248 -13.0 11.0 -2.2 0.9
249 -7.0 4.0 2.4 0.3
250 -3.0 -1.0 0.0 -5.2
251 0.0 -5.0 -3.7 0.6
252 0.0 -8.0 -0.4 -7.1
253 0.0 -9.0 -0.7 -2.0
254 -3.0 -2.0 -6.6 -0.8
255 1.0 -1.0 -6.1 -1.5
256 0.0 1.0 -4.5 -4.8
257 -1.0 -4.0 -4.2 -0.5
258 -2.0 -4.0 2.0 -5.0
259 -4.0 1.0 -1.4 -1.6
260 -9.0 4.0 -3.5 -1.6
261 -9.0 11.0 0.0 -4.6
262 -9.0 12.0 -1.7 4.9
263 -4.0 7.0 0.0 2.0
264 0.0 1.0 3.1 -0.1
265 1.0 -5.0 2.4 -1.8
266 1.0 -6.0 3.6 1.5
267 2.0 -3.0 0.9 2.1
268 5.0 -7.0 -0.5 -2.8
269 -1.0 -4.0 -1.0 5.0
270 0.0 -2.0 3.9 2.0
271 0.0 -2.0 -0.2 4.2
272 1.0 0.0 -1.7 -0.2
273 -1.0 6.0 -5.0 1.4
274 -4.0 5.0 -0.7 0.9
275 -5.0 5.0 -1.6 6.7
276 -7.0 5.0 1.0 3.7
277 -7.0 10.0 3.0 -1.6
278 -13.0 13.0 -0.6 6.1
279 -6.0 10.0 4.4 -4.7
280 -7.0 10.0 -2.2 0.5
281 -5.0 6.0 4.0 5.6
282 -2.0 3.0 4.4 -1.9
283 -2.0 2.0 3.8 0.7
284 -3.0 9.0 0.1 1.1
285 -4.0 15.0 -2.0 -3.2
286 -4.0 15.0 -4.8 -2.2
287 -4.0 12.0 -5.6 -3.8
288 3.0 8.0 -2.4 -5.9
289 -1.0 11.0 -6.1 -0.8
290 3.0 9.0 -1.2 -0.6
291 1.0 13.0 -0.9 -6.4
292 -3.0 14.0 -0.1 0.4
293 -7.0 14.0 -0.1 -4.5
294 -6.0 12.0 -1.5 -8.5
295 -5.0 10.0 1.9 -0.6
296 -2.0 9.0 -0.4 1.0
297 -1.0 11.0 -0.4 2.7
298 -5.0 16.0 0.1 4.2
299 -6.0 13.0 3.6 0.1
300 -10.0 11.0 -0.3 4.8
301 -11.0 10.0 -0.9 6.5
302 -11.0 13.0 -1.3 -1.4
303 -9.0 13.0 -4.7 1.9
304 -9.0 10.0 -4.5 5.5
305 -6.0 6.0 0.2 4.2
306 -4.0 2.0 1.0 1.3
307 -4.0 -1.0 1.3 6.3
308 -5.0 0.0 0.5 -1.7
309 -4.0 0.0 -1.7 4.2
310 -5.0 2.0 -0.1 3.0
311 -7.0 4.0 1.4 3.7
312 -7.0 2.0 -1.1 3.5
313 -5.0 -1.0 0.4 2.9
314 -5.0 1.0 -1.8 7.0
315 -10.0 2.0 -2.6 -1.4
316 -12.0 8.0 0.0 -0.6
317 -8.0 7.0 0.8 -6.4
318 -6.0 5.0 0.9 5.0
319 -6.0 6.0 2.1 -2.5
320 -5.0 6.0 -2.0 -7.6
321 -2.0 4.0 -3.4 -6.6
322 -2.0 4.0 -3.5 -0.4
323 -3.0 8.0 -1.2 2.0
324 -4.0 6.0 0.9 -3.7
325 -3.0 9.0 4.2 2.6
326 -6.0 5.0 2.7 7.3
327 -10.0 5.0 -3.0 5.7
328 -14.0 7.0 -0.1 3.5
329 -13.0 8.0 -6.2 3.3
330 -12.0 7.0 0.1 3.3
331 -13.0 8.0 -0.6 0.1
332 -13.0 7.0 3.3 1.7
333 -14.0 7.0 5.7 -2.0
334 -14.0 12.0 2.5 3.1
335 -11.0 7.0 -3.8 -0.8
336 -10.0 11.0 -3.4 -4.4
337 -12.0 15.0 1.0 -2.8
338 -8.0 13.0 -1.6 -1.2
339 -10.0 9.0 1.7 2.3
340 -11.0 11.0 2.9 5.7
341 -11.0 11.0 -0.9 -1.9
342 -10.0 12.0 -3.7 2.6
343 -9.0 11.0 -8.0 5.1
344 -8.0 10.0 -0.9 -2.6
345 -12.0 13.0 0.4 -0.7
346 -10.0 11.0 0.8 -2.1
347 -9.0 11.0 5.7 2.0
348 -9.0 9.0 3.6 -1.3
349 -8.0 11.0 -2.1 1.1
350 -8.0 13.0 -0.9 -1.6
351 -7.0 8.0 -2.0 5.6
352 -9.0 7.0 2.2 -2.1
353 -8.0 6.0 3.1 0.3
354 -10.0 5.0 0.9 5.1
355 -9.0 6.0 -4.6 0.8
356 -5.0 2.0 0.3 5.3
357 -5.0 2.0 -7.0 -0.7
358 -5.0 4.0 -6.6 -0.1
359 -5.0 8.0 1.4 -7.2
360 -4.0 6.0 -1.7 -3.3
361 -4.0 10.0 5.1 -0.1
362 -2.0 13.0 -0.5 1.0
363 -7.0 14.0 1.8 -1.5
364 -7.0 9.0 0.8 -2.2
365 -6.0 9.0 4.1 5.3
366 -10.0 15.0 -2.8 2.3
367 -9.0 13.0 0.0 1.6
368 -10.0 12.0 1.2 2.6
369 -9.0 11.0 -3.1 3.4
370 -10.0 11.0 -3.9 1.4
371 -12.0 11.0 -10.7 0.6
372 -13.0 8.0 -2.9 -3.0
373 -5.0 1.0 -9.6 -0.6
374 -4.0 7.0 -7.8 0.8
375 -4.0 6.0 -6.5 -6.8
376 -4.0 2.0 -3.4 -4.6
377 -7.0 2.0 -3.6 0.0
378 -6.0 4.0 -0.1 1.1
379 -7.0 2.0 3.6 2.6
380 -6.0 2.0 -1.7 1.2
381 -4.0 0.0 3.7 0.1
382 -4.0 3.0 1.0 9.1
383 -8.0 12.0 8.1 -2.0
384 -9.0 12.0 2.4 -1.7
385 -9.0 16.0 4.7 2.7
386 -9.0 14.0 1.8 -1.4
387 -8.0 16.0 -0.8 1.0
388 -9.0 16.0 -5.1 -3.5
389 -8.0 15.0 -4.2 -1.9
390 -7.0 14.0 2.3 2.3
391 -9.0 16.0 -0.3 -0.2
392 -9.0 16.0 -1.7 -4.6
393 -8.0 13.0 0.7 7.7
394 -2.0 6.0 2.7 2.6
395 -2.0 1.0 -3.5 2.4
396 -2.0 3.0 -2.0 7.2
397 -1.0 0.0 2.4 5.3
398 -1.0 -2.0 -0.1 5.9
399 -1.0 -2.0 4.4 6.6
400 -1.0 -2.0 1.0 0.1
401 0.0 -2.0 2.0 7.0
402 0.0 -5.0 -1.4 2.5
403 0.0 -5.0 -8.3 3.1
404 -5.0 1.0 -4.8 -1.7
405 -5.0 5.0 2.9 2.7
406 -5.0 7.0 -1.4 -4.7
407 -4.0 8.0 -5.0 -5.1
408 -3.0 9.0 1.0 -4.0
409 -5.0 10.0 -5.1 -1.7
410 -6.0 8.0 -3.3 -3.3
411 -5.0 7.0 -1.8 -4.9
412 -5.0 6.0 -2.8 -3.5
413 -5.0 4.0 1.9 -4.4
414 -4.0 4.0 3.2 4.0
415 -4.0 5.0 -4.7 0.4
416 -5.0 6.0 -1.4 5.6
417 -5.0 7.0 4.8 6.0
418 -5.0 3.0 -1.6 3.9
419 -3.0 1.0 0.5 -1.6
420 -2.0 0.0 0.7 2.9
421 -2.0 -1.0 0.8 1.1
422 3.0 -2.0 3.5 2.6
423 1.0 0.0 3.6 -2.3
424 0.0 2.0 -3.3 -0.9
425 0.0 -3.0 2.4 0.2
426 0.0 -4.0 -0.5 -0.6
427 -1.0 -10.0 1.9 -0.3
428 -2.0 -6.0 5.6 1.0
429 -3.0 -3.0 0.4 1.0
430 -4.0 2.0 -0.7 -0.9
431 -4.0 3.0 0.4 -0.9
432 -8.0 5.0 -5.2 -0.3
433 -7.0 4.0 -2.2 2.2
434 -7.0 3.0 5.0 1.1
435 -9.0 4.0 -1.0 -1.2
436 -9.0 6.0 4.1 0.5
437 -8.0 8.0 -7.1 -0.6
438 -7.0 8.0 -0.7 3.1
439 -6.0 7.0 2.6 -1.3
440 -5.0 6.0 3.9 1.7
441 -6.0 5.0 -4.8 1.1
442 -6.0 6.0 2.7 2.3
443 -5.0 8.0 -2.2 -3.7
444 -4.0 8.0 -2.0 -3.1
445 -2.0 8.0 -1.0 -4.5
446 -1.0 3.0 -0.9 -5.8
447 -2.0 7.0 -0.7 0.2
448 -2.0 9.0 -4.6 -5.1
449 -2.0 6.0 -4.8 5.2
450 -3.0 6.0 -6.1 0.5
451 -3.0 8.0 3.1 -0.1
452 -3.0 8.0 2.0 -5.8
453 -4.0 6.0 -0.6 3.7
454 -4.0 4.0 -0.5 2.6
455 -4.0 7.0 -4.7 5.1
456 -4.0 9.0 -4.8 5.2
457 -4.0 5.0 2.7 -0.4
458 -4.0 -2.0 2.8 -0.2
459 -4.0 2.0 -2.3 -2.9
460 -3.0 4.0 -3.6 -1.5
461 -2.0 -2.0 -4.8 2.0
462 -2.0 -6.0 -4.8 4.9
463 -1.0 -3.0 -2.2 -1.5
464 -1.0 -6.0 -4.7 0.5
465 -2.0 -10.0 0.1 -1.3
466 -2.0 -7.0 1.7 -3.4
467 -1.0 -3.0 -2.3 -1.3
468 -1.0 2.0 -4.9 2.0
469 -2.0 1.0 -2.6 1.2
470 -3.0 -3.0 0.1 4.4
471 -3.0 2.0 -2.7 -6.9
472 -5.0 8.0 0.1 -2.0
473 -5.0 4.0 -1.4 1.0
474 -5.0 10.0 2.8 -1.7
475 -4.0 15.0 2.9 -0.7
476 -4.0 11.0 0.1 1.5
477 -4.0 7.0 3.0 1.1
478 -4.0 6.0 4.4 0.6
479 -3.0 9.0 4.5 0.2
480 -2.0 10.0 1.7 -4.9
481 -3.0 10.0 3.1 7.1
482 -2.0 10.0 0.5 5.7
483 -2.0 10.0 0.2 2.3
484 -2.0 9.0 1.0 2.8
485 -3.0 4.0 0.6 3.0
486 -4.0 5.0 2.3 1.1
487 -4.0 11.0 -0.9 0.2
488 -4.0 13.0 -3.9 -2.1
489 -4.0 9.0 2.1 1.4
490 -5.0 11.0 -3.1 5.5
491 -6.0 13.0 0.2 -2.5
492 -5.0 11.0 1.9 -4.8
493 -5.0 13.0 7.0 1.7
494 -5.0 14.0 -1.4 -2.9
495 -4.0 19.0 0.5 -5.0
496 -3.0 21.0 -4.7 1.6
497 -3.0 16.0 0.7 2.4
498 -3.0 14.0 -3.3 1.0
499 -3.0 13.0 -6.6 -0.7
500 -2.0 12.0 1.9 1.1
501 0.0 7.0 -1.3 6.5
502 0.0 3.0 -5.2 5.3
503 0.0 0.0 -2.5 1.0
504 0.0 -1.0 -3.2 4.8
505 -1.0 -2.0 0.7 3.7
506 -1.0 -5.0 0.1 0.5
507 -1.0 -3.0 -3.6 -3.1
508 -1.0 0.0 2.0 2.3
509 -2.0 -1.0 2.0 2.5
510 -2.0 -3.0 2.2 -1.2
511 -2.0 -1.0 0.0 -3.8
512 -2.0 1.0 4.1 -3.3
513 -2.0 4.0 -4.1 3.6
514 -2.0 3.0 0.0 -2.8
515 -1.0 2.0 -6.1 3.0
516 -1.0 4.0 -2.0 2.8
517 -1.0 -3.0 -2.0 5.9
518 -1.0 -8.0 0.1 3.6
519 -1.0 -9.0 -2.0 -0.1
520 -1.0 -6.0 -1.9 -0.5
521 -1.0 -6.0 0.2 2.6
522 -1.0 -7.0 -1.9 1.2
523 -2.0 -10.0 -2.0 -3.5
524 -4.0 -15.0 -2.0 0.4
525 -4.0 -15.0 8.9 -0.6
526 -5.0 -18.0 6.7 -1.6
527 -5.0 -14.0 2.2 -3.6
528 -5.0 -14.0 0.1 -3.0
529 -4.0 -14.0 2.3 -0.8
530 -5.0 -17.0 0.1 2.4
531 -5.0 -15.0 0.1 -6.0
532 -6.0 -12.0 2.5 2.6
533 -5.0 -11.0 2.4 -0.7
534 -4.0 -5.0 2.6 0.1
535 -4.0 -3.0 -8.9 1.1
536 -3.0 0.0 -3.9 -1.2
537 -3.0 4.0 0.6 -2.1
538 -3.0 6.0 0.6 0.6
539 -3.0 11.0 -2.3 -0.2
540 -2.0 13.0 -2.3 -4.0
541 -2.0 13.0 -2.3 -0.6
542 -1.0 6.0 -4.7 -4.0
543 -1.0 6.0 0.7 -2.4
544 0.0 6.0 -2.6 -0.6
545 0.0 2.0 3.2 -5.1
546 0.0 1.0 3.7 -1.6
547 0.0 -1.0 -2.8 -1.3
548 -1.0 0.0 -2.8 0.0
549 -2.0 -3.0 3.2 1.2
550 -2.0 -5.0 0.0 2.3
551 -2.0 -8.0 3.2 7.7
552 -2.0 -1.0 6.5 -0.6
553 -2.0 -1.0 3.4 1.8
554 -2.0 -6.0 0.0 -2.0
555 -2.0 -3.0 0.0 2.8
556 -2.0 0.0 -6.5 -2.7
557 -2.0 0.0 0.0 3.6
558 -1.0 -5.0 0.0 -4.2
559 -1.0 -1.0 0.5 -3.0
560 -1.0 2.0 3.7 -1.5
561 -1.0 2.0 0.5 -5.6
562 -1.0 -1.0 -6.5 -0.3
563 -1.0 0.0 -6.5 0.5
564 -1.0 5.0 3.7 0.8
565 -1.0 5.0 4.2 -2.0
566 -2.0 5.0 7.4 5.4
567 -4.0 1.0 3.7 1.1
568 -4.0 5.0 0.0 4.7
569 -3.0 2.0 0.3 1.8
570 -3.0 -3.0 -3.7 2.6
571 -3.0 -1.0 0.3 2.8
572 -3.0 4.0 4.0 4.7
573 -3.0 3.0 0.0 1.4
574 -3.0 1.0 -3.7 3.4
575 -3.0 0.0 0.6 5.5
576 -2.0 -5.0 -3.2 -1.6
577 0.0 1.0 1.3 1.1
578 0.0 -1.0 0.0 -5.3
579 0.0 -1.0 -4.0 -4.2
580 0.0 3.0 0.0 -4.4
581 0.0 3.0 1.0 -0.9
582 0.0 -1.0 -4.0 -5.4
583 0.0 1.0 0.0 -0.8
584 -1.0 2.0 0.0 1.0
585 -1.0 4.0 -8.0 -1.7
586 -1.0 8.0 -4.2 -1.3
587 -2.0 8.0 -5.0 -4.9
588 -2.0 10.0 0.0 6.6
589 -2.0 11.0 0.0 1.4
590 -2.0 10.0 0.0 0.8
591 -2.0 13.0 -5.0 2.0
592 -2.0 9.0 0.0 0.3
593 -2.0 11.0 0.0 -1.2
594 -2.0 9.0 0.0 1.6
595 -2.0 7.0 0.0 -1.7
596 -2.0 6.0 0.0 1.2
597 -1.0 2.0 5.9 2.1
598 -1.0 3.0 0.0 -4.1
599 -1.0 1.0 0.0 -0.4
600 -1.0 5.0 0.0 2.2
601 -1.0 2.0 0.0 -3.9
602 -1.0 7.0 0.0 3.6
603 -1.0 4.0 0.0 1.1
604 0.0 9.0 0.0 -4.0
605 0.0 11.0 0.0 -2.6
606 0.0 13.0 0.0 0.2
607 0.0 17.0 -5.9 2.1
608 0.0 20.0 0.0 6.1
609 0.0 22.0 0.0 2.0
610 0.0 18.0 0.0 1.3
611 0.0 18.0 0.0 4.2
612 0.0 20.0 0.0 -0.3
613 0.0 16.0 0.0 1.2
614 0.0 13.0 6.7 7.8
615 0.0 12.0 0.0 3.8
616 0.0 6.0 0.0 -0.1
617 0.0 7.0 0.0 -2.2
618 0.0 6.0 6.7 -0.4
619 0.0 8.0 6.7 6.3
620 0.0 6.0 6.7 -1.6
621 0.0 6.0 13.3 3.9
622 0.0 4.0 6.7 2.8
623 0.0 6.0 0.0 1.7
624 0.0 5.0 -6.7 -5.7
625 0.0 7.0 0.0 0.4
626 0.0 11.0 0.0 0.7
627 0.0 6.0 0.0 7.0
628 0.0 5.0 -6.7 1.1
629 0.0 -1.0 -6.7 -1.4
630 0.0 1.0 -6.7 2.1
631 0.0 -2.0 -13.3 -5.3
632 0.0 2.0 -6.7 1.5
633 0.0 4.0 0.0 -4.2
634 0.0 6.0 0.0 -1.8
635 -1.0 4.0 0.0 4.1
636 -1.0 3.0 0.0 4.2
637 -1.0 5.0 0.0 0.0
638 -1.0 4.0 0.0 -1.9
639 -1.0 8.0 0.0 -1.7
640 -2.0 8.0 0.0 5.4
641 -2.0 10.0 0.0 3.7
642 -2.0 6.0 6.7 1.2
643 -2.0 4.0 0.0 6.1
644 -3.0 4.0 0.0 8.2
645 -3.0 4.0 7.7 1.0
646 -4.0 3.0 7.7 1.3
647 -4.0 3.0 0.0 0.9
648 -4.0 4.0 0.0 -0.8
649 -4.0 4.0 7.7 4.2
650 -3.0 3.0 0.0 0.1
651 -3.0 2.0 8.3 3.6
652 -3.0 5.0 -6.7 -0.4
653 -3.0 5.0 0.0 0.4
654 -2.0 0.0 0.0 -5.7
655 -1.0 -3.0 -7.7 -3.8
656 0.0 0.0 -7.7 -1.3
657 0.0 -1.0 0.0 -3.1
658 0.0 -1.0 0.0 0.9
659 0.0 -5.0 -7.7 -2.0
660 0.0 -3.0 0.0 -0.4
661 -1.0 -2.0 -8.3 -1.6
662 -1.0 -5.0 0.0 -1.0
663 -1.0 -2.0 0.0 -1.6
664 -1.0 1.0 0.0 3.0
665 -1.0 2.0 0.0 -1.4
666 -1.0 -3.0 0.0 -1.1
667 -1.0 1.0 0.0 -1.3
668 -1.0 -1.0 0.0 1.1
669 -1.0 3.0 0.0 -1.6
670 -1.0 0.0 0.0 -5.0
671 0.0 -2.0 0.0 -2.0
672 0.0 -1.0 0.0 -2.2
673 0.0 -2.0 0.0 -0.8
674 0.0 -2.0 0.0 0.6
675 0.0 -1.0 0.0 7.8
676 0.0 1.0 0.0 -0.1
677 0.0 -1.0 0.0 -2.8
678 0.0 -1.0 20.0 0.6
679 -1.0 1.0 0.0 3.2
680 -1.0 5.0 0.0 1.1
681 -1.0 8.0 0.0 0.6
682 -1.0 5.0 0.0 1.3
683 -1.0 5.0 0.0 -1.5
684 -1.0 2.0 0.0 -4.9
685 -1.0 -1.0 0.0 -3.8
686 -1.0 -1.0 0.0 -1.6
687 -1.0 -4.0 0.0 0.9
688 -1.0 -5.0 -20.0 -1.8
689 0.0 -11.0 0.0 -3.4
690 0.0 -10.0 0.0 1.3
691 0.0 -9.0 0.0 0.1
692 0.0 -7.0 0.0 1.6
693 0.0 -9.0 0.0 0.3
694 0.0 -8.0 0.0 1.5
695 0.0 -5.0 0.0 -3.1
696 -1.0 -2.0 0.0 -2.4
697 -1.0 -1.0 0.0 2.0
698 -1.0 1.0 0.0 -5.2
699 -1.0 4.0 0.0 2.6
700 -1.0 4.0 0.0 -1.8
701 -1.0 3.0 0.0 -3.1
702 -1.0 5.0 0.0 -7.9
703 -1.0 9.0 0.0 -0.5
704 -1.0 12.0 0.0 -0.5
705 -1.0 10.0 0.0 -0.4
706 0.0 9.0 0.0 1.2
707 0.0 8.0 0.0 -1.0
708 0.0 7.0 0.0 5.1
709 0.0 0.0 0.0 -0.6
710 0.0 -3.0 0.0 -1.1
711 0.0 -5.0 0.0 2.2
712 0.0 -8.0 0.0 8.5
713 0.0 -13.0 0.0 3.3
714 0.0 -13.0 0.0 1.2
715 0.0 -13.0 0.0 1.4
716 0.0 -14.0 0.0 6.5
717 0.0 -9.0 0.0 7.2
718 0.0 -11.0 0.0 -0.3
719 0.0 -4.0 0.0 3.0
720 0.0 -5.0 0.0 5.5
721 0.0 -5.0 0.0 0.2
722 0.0 -5.0 0.0 -0.4
723 0.0 -1.0 0.0 -1.4
724 0.0 -2.0 0.0 2.5
725 0.0 -1.0 0.0 1.7
726 0.0 -4.0 0.0 -3.3
727 0.0 -9.0 0.0 -3.8
728 0.0 -7.0 0.0 2.4
729 0.0 -10.0 0.0 -4.4
730 0.0 -5.0 0.0 -6.2
731 0.0 -4.0 0.0 -0.8
732 0.0 -7.0 0.0 -3.3
733 0.0 -9.0 0.0 3.7
734 0.0 -7.0 0.0 -5.0
735 0.0 -8.0 0.0 -0.3
736 0.0 -1.0 0.0 -4.9
737 0.0 -1.0 0.0 -6.8
738 0.0 -5.0 0.0 -2.5
739 0.0 -1.0 0.0 -1.1
740 0.0 -4.0 0.0 3.5
741 0.0 -6.0 0.0 -0.9
742 0.0 -6.0 0.0 -2.8
743 0.0 -6.0 0.0 -6.2
744 0.0 -11.0 0.0 -0.8
745 0.0 -13.0 0.0 -1.8
746 0.0 -21.0 0.0 3.6
747 0.0 -22.0 0.0 3.1
748 0.0 -15.0 0.0 1.5
749 0.0 -17.0 0.0 2.4
750 0.0 -18.0 0.0 3.1
751 0.0 -17.0 0.0 2.6
752 0.0 -11.0 0.0 8.2
753 0.0 -8.0 0.0 1.3
754 0.0 -4.0 0.0 4.2
755 0.0 -1.0 0.0 -1.6
756 0.0 4.0 0.0 0.2
757 0.0 6.0 0.0 -1.4
758 0.0 4.0 0.0 -3.5
759 0.0 2.0 0.0 -6.8
760 0.0 2.0 0.0 -8.5
761 0.0 4.0 0.0 -4.4
762 0.0 0.0 0.0 -7.7
763 -1.0 -4.0 0.0 -1.4
764 -1.0 -4.0 0.0 -5.2
765 -1.0 -5.0 0.0 1.7
766 -1.0 -7.0 0.0 -3.2
767 -1.0 -10.0 0.0 5.0
768 -1.0 -11.0 0.0 2.2
769 -1.0 -6.0 0.0 5.0
770 -1.0 -6.0 0.0 4.2
771 -1.0 -6.0 0.0 -1.3
772 -1.0 -2.0 0.0 3.4
773 0.0 -1.0 0.0 1.8
774 0.0 -3.0 0.0 3.7
775 0.0 -6.0 0.0 -0.5
776 0.0 -4.0 0.0 1.5
777 0.0 -2.0 0.0 -7.4
778 0.0 -3.0 0.0 -5.5
779 0.0 -6.0 0.0 0.6
780 0.0 -10.0 0.0 -1.7
781 0.0 -11.0 0.0 -1.6
782 0.0 -14.0 0.0 -4.4
783 0.0 -14.0 0.0 -3.3
784 0.0 -14.0 0.0 -2.1
785 0.0 -8.0 0.0 -0.5
786 0.0 -7.0 0.0 -1.6
787 0.0 -4.0 0.0 0.8
788 0.0 0.0 0.0 2.0
789 0.0 2.0 0.0 -0.8
790 0.0 6.0 0.0 1.4
791 0.0 5.0 0.0 4.3
792 0.0 6.0 0.0 2.0
793 0.0 7.0 0.0 4.7
794 0.0 11.0 0.0 -0.4
795 0.0 11.0 0.0 4.8
796 0.0 6.0 0.0 0.9
797 0.0 5.0 0.0 -2.2
798 0.0 0.0 0.0 -0.5
799 0.0 1.0 0.0 -3.6
800 0.0 5.0 0.0 -1.7
801 0.0 9.0 0.0 -2.3
802 0.0 6.0 0.0 1.9
803 0.0 3.0 0.0 -0.1
804 0.0 1.0 0.0 -2.2
805 0.0 1.0 0.0 -10.7
806 0.0 5.0 0.0 0.1
807 0.0 8.0 0.0 2.1
808 0.0 10.0 0.0 2.5
809 0.0 8.0 0.0 -3.1
810 0.0 4.0 0.0 -0.6
811 0.0 -2.0 0.0 0.0
812 0.0 0.0 0.0 0.6
813 0.0 3.0 0.0 -6.4
814 0.0 5.0 0.0 2.3
815 0.0 3.0 0.0 4.4
816 0.0 2.0 0.0 -2.9
817 0.0 1.0 0.0 -1.1
818 0.0 2.0 0.0 -2.7
819 0.0 2.0 0.0 3.5
820 0.0 1.0 0.0 -1.0
821 0.0 1.0 0.0 0.3
822 0.0 4.0 0.0 -1.0
823 0.0 3.0 0.0 4.5
824 0.0 2.0 0.0 0.3
825 0.0 3.0 0.0 1.9
826 0.0 1.0 0.0 9.0
827 0.0 0.0 0.0 8.4
828 0.0 -1.0 0.0 2.8
829 0.0 -2.0 0.0 -0.5
830 0.0 2.0 0.0 0.4
831 0.0 5.0 0.0 2.3
832 0.0 4.0 0.0 -1.2
833 0.0 5.0 0.0 1.0
834 0.0 3.0 0.0 -1.7
835 0.0 5.0 0.0 -1.1
836 0.0 7.0 0.0 -6.5
837 0.0 3.0 0.0 -3.4
838 0.0 5.0 0.0 -2.4
839 0.0 4.0 0.0 3.1
840 0.0 1.0 0.0 0.9
841 0.0 1.0 0.0 -1.6
842 0.0 1.0 0.0 1.0
843 0.0 0.0 0.0 -2.6
844 0.0 -5.0 0.0 3.7
845 0.0 -7.0 0.0 1.8
846 0.0 -9.0 0.0 1.2
847 0.0 -3.0 0.0 -1.2
848 0.0 -2.0 0.0 2.2
849 0.0 2.0 0.0 1.1
850 0.0 3.0 0.0 6.2
851 0.0 1.0 0.0 0.7
852 -1.0 3.0 0.0 -0.1
853 -1.0 6.0 0.0 3.3
854 -1.0 11.0 0.0 -0.2
855 -1.0 10.0 0.0 0.2
856 -1.0 11.0 0.0 -1.0
857 -1.0 9.0 0.0 -3.1
858 -1.0 3.0 0.0 -1.3
859 -1.0 -1.0 0.0 0.0
860 -1.0 -5.0 0.0 -4.7
861 -1.0 0.0 0.0 -0.1
862 0.0 -3.0 0.0 0.7
863 0.0 -3.0 0.0 -3.5
864 0.0 -3.0 0.0 0.8
865 0.0 -1.0 0.0 -0.1
866 0.0 0.0 0.0 6.4
867 0.0 -5.0 0.0 5.0
868 0.0 -3.0 0.0 1.6
869 0.0 -4.0 0.0 -2.4
870 0.0 -2.0 0.0 -2.2
871 0.0 -5.0 0.0 -0.3
872 0.0 -2.0 0.0 -2.9
873 0.0 -3.0 0.0 -0.8
874 0.0 -2.0 0.0 -0.9
875 0.0 -7.0 0.0 -3.4
876 0.0 -8.0 0.0 -7.3
877 0.0 -6.0 0.0 -2.8
878 0.0 -6.0 0.0 0.9
879 0.0 -6.0 0.0 3.7
880 0.0 -7.0 0.0 6.1
881 0.0 -5.0 0.0 0.1
882 0.0 -8.0 0.0 2.8
883 0.0 -16.0 0.0 1.1
884 0.0 -15.0 0.0 0.8
885 0.0 -13.0 0.0 2.8
886 0.0 -10.0 0.0 0.9
887 0.0 -10.0 0.0 -1.0
888 0.0 -10.0 0.0 2.1
889 0.0 -9.0 0.0 -5.0
890 0.0 -5.0 0.0 -4.7
891 0.0 -7.0 0.0 -5.0
892 0.0 -7.0 0.0 -3.4
893 0.0 -1.0 0.0 3.1
894 0.0 -1.0 0.0 -2.4
895 0.0 1.0 0.0 -1.1
896 0.0 3.0 0.0 0.8
897 0.0 4.0 0.0 1.5
898 0.0 6.0 0.0 -3.7
899 0.0 10.0 0.0 -0.5
900 0.0 8.0 0.0 -2.1
901 0.0 4.0 0.0 0.7
902 0.0 6.0 0.0 -4.0
903 -1.0 4.0 0.0 -4.8
904 -1.0 2.0 0.0 -4.2
905 -1.0 3.0 0.0 0.3
906 -1.0 -1.0 0.0 -3.7
907 -1.0 1.0 0.0 -2.5
908 -1.0 0.0 0.0 -1.0
909 -1.0 -4.0 0.0 -1.5
910 -1.0 0.0 0.0 -2.7
911 -1.0 4.0 0.0 1.7
912 -1.0 1.0 0.0 2.6
913 0.0 2.0 nan -0.8
914 0.0 3.0 nan 2.2
915 0.0 4.0 nan -1.7
916 0.0 2.0 nan 4.2
917 0.0 2.0 nan -0.3
918 0.0 3.0 nan 1.4
919 0.0 4.0 nan 3.9
920 0.0 2.0 nan 4.7
921 0.0 3.0 nan 5.0
922 0.0 3.0 nan 2.8
923 0.0 7.0 nan 3.6
924 0.0 6.0 nan 5.5
925 0.0 3.0 nan -3.8
926 0.0 6.0 nan -1.0
927 0.0 2.0 nan -1.6
928 0.0 3.0 nan -3.7
929 0.0 2.0 nan 0.1
930 0.0 2.0 nan -1.7
931 0.0 -1.0 nan -3.1
932 0.0 0.0 nan -1.5
933 0.0 -2.0 nan 0.8
934 0.0 -3.0 nan -6.2
935 0.0 -3.0 nan 3.4
936 0.0 -5.0 nan -1.0
937 0.0 -1.0 nan 3.5
938 0.0 -1.0 nan 0.4
939 0.0 2.0 nan -1.3
940 0.0 -2.0 nan 0.6
941 0.0 1.0 nan -4.1
942 0.0 -2.0 nan 0.9
943 0.0 0.0 nan -1.8
944 0.0 5.0 nan 2.2
945 0.0 6.0 nan 1.8
946 0.0 10.0 nan -0.4
947 0.0 12.0 nan 1.0
948 0.0 7.0 nan 1.1
949 0.0 7.0 nan -0.7
950 0.0 8.0 nan 0.8
951 0.0 10.0 nan 6.1
952 0.0 15.0 nan 2.6
953 0.0 13.0 nan 2.1
954 0.0 11.0 nan 1.3
955 0.0 8.0 nan 0.8
956 0.0 4.0 nan -3.5
957 0.0 1.0 nan -1.3
958 0.0 6.0 nan 0.0
959 0.0 6.0 nan 0.2
960 0.0 8.0 nan 1.0
961 0.0 4.0 nan -2.6
962 0.0 1.0 nan -2.1
963 0.0 -4.0 nan -4.0
964 0.0 -7.0 nan -0.3
965 0.0 -8.0 nan -2.3
966 0.0 -8.0 nan 7.2
967 0.0 -7.0 nan -0.2
968 0.0 -9.0 nan 5.0
969 0.0 -10.0 nan 2.2
970 0.0 -11.0 nan 4.3
971 0.0 -11.0 nan 1.3
972 0.0 -8.0 nan 1.7
973 0.0 1.0 nan -0.4
974 0.0 5.0 nan 2.0
975 0.0 10.0 nan 2.0
976 0.0 12.0 nan -1.3
977 0.0 10.0 nan 3.2
978 0.0 10.0 nan -1.1
979 0.0 9.0 nan -0.5
980 0.0 11.0 nan -3.0
981 0.0 13.0 nan 3.3
982 0.0 11.0 nan 0.2
983 0.0 8.0 nan 3.3
984 0.0 1.0 nan -0.2
985 0.0 -2.0 nan -1.2
986 0.0 -6.0 nan 2.0
987 0.0 -1.0 nan 1.1
988 0.0 1.0 nan 0.6
989 0.0 1.0 nan 6.7
990 0.0 1.0 nan 1.5
991 0.0 1.0 nan -1.0
992 0.0 1.0 nan -0.1
993 0.0 1.0 nan 1.3
994 0.0 1.0 nan 1.2
995 0.0 1.0 nan 2.6
996 0.0 1.0 nan -0.1
997 0.0 1.0 nan -1.5
998 0.0 1.0 nan -1.3
