# Time step P1 size difference,  P2 size difference, P1 ai difference, P2 ai difference
0 42.0 24.0 0.0 0.0
1 46.0 20.0 0.0 0.0
2 45.0 18.0 0.0 0.0
3 49.0 13.0 0.0 0.0
4 52.0 9.0 0.0 0.0
5 49.0 14.0 0.0 0.0
6 53.0 9.0 0.0 0.0
7 58.0 8.0 0.0 0.0
8 53.0 12.0 0.0 0.0
9 53.0 7.0 0.0 0.0
10 51.0 3.0 0.0 0.0
11 48.0 6.0 0.0 0.0
12 53.0 3.0 0.0 0.0
13 50.0 4.0 0.0 0.0
14 47.0 4.0 0.0 0.0
15 45.0 5.0 0.0 0.0
16 41.0 11.0 0.0 0.0
17 38.0 9.0 0.0 0.0
18 41.0 12.0 0.0 0.0
19 38.0 12.0 0.0 0.0
20 39.0 11.0 0.0 0.0
21 30.0 18.0 0.0 0.0
22 19.0 21.0 0.0 0.0
23 14.0 20.0 0.0 0.0
24 6.0 23.0 0.0 0.0
25 7.0 20.0 0.0 0.0
26 7.0 19.0 0.0 0.0
27 1.0 22.0 0.0 0.0
28 5.0 17.0 0.0 0.0
29 1.0 22.0 0.0 0.0
30 -2.0 26.0 0.0 0.0
31 -4.0 27.0 0.0 0.0
32 -5.0 27.0 0.0 0.0
33 -2.0 25.0 0.0 0.0
34 -1.0 29.0 0.0 0.0
35 -2.0 28.0 0.0 0.0
36 1.0 24.0 0.0 0.0
37 -1.0 25.0 0.0 0.0
38 4.0 21.0 0.0 0.0
39 12.0 18.0 0.0 0.0
40 16.0 16.0 0.0 0.0
41 13.0 16.0 0.0 0.0
42 8.0 19.0 0.0 0.0
43 7.0 18.0 0.0 0.0
44 7.0 18.0 0.0 0.0
45 7.0 18.0 0.0 0.0
46 7.0 19.0 0.0 0.0
47 3.0 27.0 0.0 0.0
48 2.0 27.0 0.0 0.0
49 -2.0 28.0 0.0 0.0
50 -1.0 27.0 4.3 -4.1
51 0.0 28.0 -0.4 -4.0
52 -4.0 32.0 0.3 -7.5
53 -4.0 32.0 0.9 -2.9
54 -9.0 37.0 9.8 0.7
55 -9.0 36.0 9.2 -2.3
56 -9.0 36.0 11.0 -3.6
57 -10.0 35.0 7.8 1.0
58 -11.0 34.0 4.9 -1.2
59 -16.0 41.0 5.2 4.3
60 -19.0 44.0 6.3 2.8
61 -14.0 37.0 -0.3 -3.6
62 -21.0 39.0 -0.1 4.2
63 -21.0 42.0 3.8 1.6
64 -20.0 40.0 -3.6 -0.9
65 -19.0 38.0 -2.7 -0.4
66 -15.0 32.0 5.1 2.9
67 -16.0 36.0 3.3 0.1
68 -17.0 35.0 3.1 3.0
69 -13.0 35.0 7.7 0.9
70 -8.0 32.0 4.4 -0.1
71 -3.0 32.0 7.6 0.1
72 6.0 28.0 -3.9 2.4
73 10.0 28.0 1.0 5.4
74 13.0 27.0 0.9 6.0
75 15.0 29.0 -2.7 4.2
76 18.0 27.0 -3.9 5.4
77 22.0 27.0 -4.9 2.5
78 22.0 26.0 1.0 4.9
79 24.0 22.0 -1.2 7.9
80 23.0 21.0 -0.2 10.3
81 22.0 23.0 5.5 2.6
82 24.0 22.0 3.4 3.7
83 18.0 25.0 -2.1 6.2
84 21.0 22.0 -3.4 3.1
85 18.0 28.0 -9.5 1.0
86 19.0 27.0 -2.0 4.1
87 22.0 29.0 3.1 0.4
88 15.0 33.0 0.0 -0.9
89 8.0 38.0 2.6 6.2
90 3.0 42.0 4.4 2.5
91 5.0 41.0 -1.8 5.6
92 2.0 42.0 2.3 1.0
93 4.0 42.0 -0.4 4.3
94 6.0 41.0 2.8 -1.3
95 13.0 37.0 4.0 3.9
96 9.0 38.0 -1.5 -1.0
97 7.0 36.0 -3.3 5.2
98 8.0 36.0 3.1 7.3
99 12.0 34.0 -0.9 3.3
100 11.0 34.0 -1.1 4.3
101 11.0 33.0 1.1 5.2
102 9.0 30.0 2.2 10.1
103 6.0 28.0 0.0 5.1
104 7.0 26.0 -6.4 8.1
105 7.0 28.0 -7.0 5.5
106 3.0 32.0 -7.4 -1.3
107 0.0 36.0 -1.2 0.7
108 -1.0 36.0 -4.2 6.3
109 2.0 37.0 -0.5 5.4
110 2.0 41.0 -6.4 4.2
111 1.0 44.0 3.5 2.2
112 8.0 41.0 -4.0 1.3
113 12.0 37.0 0.9 4.5
114 12.0 33.0 2.5 0.7
115 14.0 31.0 1.6 1.7
116 14.0 31.0 -1.0 0.6
117 15.0 29.0 -0.5 6.2
118 12.0 31.0 1.7 1.7
119 12.0 32.0 -4.4 4.2
120 7.0 37.0 -3.9 2.7
121 12.0 29.0 -4.2 2.1
122 13.0 26.0 2.7 2.4
123 16.0 25.0 -1.7 2.7
124 17.0 27.0 -5.0 0.4
125 17.0 28.0 0.2 0.8
126 13.0 30.0 1.8 -0.3
127 16.0 28.0 4.5 5.3
128 14.0 34.0 -2.5 2.9
129 14.0 32.0 3.1 1.6
130 16.0 33.0 1.5 1.5
131 15.0 33.0 -4.6 2.2
132 11.0 38.0 2.2 7.4
133 14.0 38.0 3.1 -0.9
134 15.0 37.0 5.4 0.9
135 19.0 33.0 9.2 2.6
136 13.0 38.0 1.7 3.4
137 11.0 37.0 5.2 5.0
138 14.0 37.0 3.4 3.1
139 16.0 31.0 1.2 1.1
140 18.0 27.0 1.8 3.6
141 19.0 25.0 -1.8 -0.6
142 26.0 20.0 -5.7 0.8
143 25.0 19.0 -1.1 3.1
144 23.0 17.0 3.2 1.1
145 22.0 15.0 2.8 1.4
146 26.0 12.0 -2.3 4.4
147 32.0 8.0 -2.0 -2.8
148 33.0 2.0 -1.2 1.9
149 30.0 6.0 1.0 4.1
150 31.0 6.0 3.6 3.2
151 27.0 9.0 6.7 0.7
152 29.0 12.0 4.3 -0.4
153 25.0 18.0 0.9 -1.5
154 25.0 15.0 1.8 1.2
155 24.0 12.0 5.1 5.6
156 23.0 12.0 1.9 8.2
157 24.0 7.0 3.5 7.2
158 28.0 9.0 1.1 5.8
159 24.0 8.0 1.2 5.1
160 26.0 4.0 3.9 4.2
161 27.0 1.0 -0.8 4.3
162 22.0 7.0 -2.3 8.3
163 17.0 7.0 0.9 5.9
164 22.0 7.0 -2.9 5.1
165 24.0 6.0 -1.9 3.2
166 19.0 10.0 -3.3 5.9
167 16.0 8.0 2.3 4.9
168 14.0 10.0 0.5 1.8
169 7.0 13.0 5.5 4.1
170 7.0 13.0 2.0 3.6
171 0.0 18.0 6.0 4.1
172 -7.0 24.0 5.2 3.9
173 -13.0 26.0 4.2 2.8
174 -9.0 17.0 8.4 1.8
175 -10.0 15.0 5.8 0.8
176 -11.0 17.0 5.7 7.3
177 -15.0 17.0 -1.7 0.5
178 -13.0 13.0 8.7 1.1
179 -11.0 15.0 2.8 -2.7
180 -12.0 13.0 1.1 3.0
181 -10.0 13.0 1.8 3.4
182 -12.0 11.0 1.1 -3.3
183 -9.0 8.0 2.5 -0.2
184 -12.0 9.0 -3.0 9.4
185 -15.0 13.0 0.9 5.3
186 -15.0 13.0 0.4 3.1
187 -16.0 14.0 -4.9 5.4
188 -17.0 14.0 0.5 4.1
189 -20.0 21.0 0.0 3.4
190 -20.0 25.0 0.8 0.1
191 -26.0 30.0 4.2 1.2
192 -25.0 28.0 5.3 0.9
193 -19.0 22.0 8.6 3.3
194 -18.0 26.0 -1.3 2.6
195 -23.0 27.0 2.5 -1.4
196 -25.0 31.0 3.2 3.3
197 -27.0 34.0 5.7 3.6
198 -25.0 32.0 5.0 -0.2
199 -27.0 31.0 4.6 0.6
200 -30.0 36.0 4.4 -0.4
201 -33.0 34.0 -0.7 4.6
202 -32.0 34.0 -2.7 2.5
203 -32.0 34.0 2.5 2.3
204 -28.0 31.0 3.8 -2.1
205 -31.0 32.0 6.0 -0.5
206 -28.0 30.0 6.6 -2.6
207 -29.0 34.0 1.6 -2.6
208 -29.0 32.0 1.7 -6.1
209 -21.0 25.0 3.8 -5.7
210 -19.0 23.0 3.6 3.3
211 -23.0 23.0 1.9 4.3
212 -23.0 18.0 6.1 0.9
213 -24.0 20.0 3.7 1.5
214 -28.0 25.0 7.2 1.8
215 -30.0 29.0 6.2 5.3
216 -29.0 30.0 5.1 -0.8
217 -28.0 28.0 1.5 -4.4
218 -27.0 27.0 2.1 3.5
219 -22.0 24.0 -0.8 2.2
220 -23.0 20.0 3.1 5.3
221 -20.0 22.0 -0.3 1.8
222 -16.0 20.0 -2.5 -0.2
223 -10.0 15.0 0.0 0.2
224 -10.0 17.0 -4.6 3.4
225 -12.0 16.0 -3.8 4.0
226 -11.0 15.0 -4.9 -0.6
227 -11.0 14.0 2.6 0.3
228 -11.0 12.0 -6.1 -2.9
229 -19.0 16.0 -3.4 5.8
230 -19.0 17.0 -3.2 2.0
231 -19.0 18.0 -2.9 1.9
232 -17.0 18.0 -3.0 6.3
233 -19.0 21.0 -2.6 6.7
234 -20.0 18.0 2.7 1.1
235 -20.0 11.0 -3.3 -2.1
236 -20.0 10.0 -4.1 -0.6
237 -18.0 11.0 -1.2 -4.9
238 -21.0 10.0 -0.5 3.3
239 -14.0 6.0 -5.8 3.7
240 -16.0 5.0 -0.6 8.4
241 -12.0 2.0 -0.1 3.1
242 -13.0 6.0 -1.0 12.8
243 -16.0 13.0 -3.3 0.1
244 -16.0 12.0 4.9 7.3
245 -15.0 17.0 0.0 6.9
246 -18.0 18.0 1.9 5.2
247 -20.0 19.0 1.8 3.0
248 -20.0 21.0 -5.0 6.5
249 -19.0 22.0 -2.8 7.4
250 -16.0 20.0 -2.8 4.6
251 -13.0 23.0 -5.8 3.9
252 -13.0 21.0 0.2 1.2
253 -14.0 20.0 0.3 4.4
254 -16.0 25.0 -3.5 7.6
255 -12.0 24.0 -6.7 2.8
256 -12.0 24.0 -7.2 3.8
257 -11.0 26.0 -4.6 6.1
258 -12.0 26.0 2.4 4.7
259 -18.0 31.0 -4.1 7.0
260 -23.0 32.0 -1.8 -3.5
261 -24.0 38.0 -4.8 -3.4
262 -24.0 42.0 -0.5 4.5
263 -23.0 42.0 -1.2 0.1
264 -22.0 37.0 -2.1 5.4
265 -19.0 31.0 -0.7 -0.2
266 -16.0 25.0 0.7 3.0
267 -14.0 29.0 -3.0 7.9
268 -15.0 30.0 -2.5 -0.9
269 -18.0 30.0 -6.1 7.4
270 -19.0 30.0 -1.9 -0.9
271 -22.0 31.0 -7.7 3.7
272 -22.0 32.0 -4.7 7.1
273 -24.0 34.0 -3.6 5.1
274 -27.0 37.0 1.0 5.1
275 -30.0 38.0 0.1 5.1
276 -29.0 39.0 1.6 4.0
277 -24.0 39.0 -1.1 6.3
278 -26.0 42.0 -0.7 6.5
279 -23.0 40.0 1.4 1.0
280 -24.0 38.0 1.3 0.0
281 -24.0 37.0 4.6 4.3
282 -25.0 36.0 2.9 -0.1
283 -26.0 36.0 2.6 0.2
284 -27.0 38.0 -0.6 3.0
285 -28.0 42.0 -3.6 3.9
286 -28.0 39.0 1.9 1.8
287 -27.0 34.0 -1.3 1.6
288 -27.0 36.0 -3.7 -6.7
289 -30.0 38.0 -1.7 -1.8
290 -29.0 35.0 -3.0 -4.9
291 -32.0 39.0 -0.8 -0.6
292 -36.0 40.0 0.5 -3.9
293 -38.0 41.0 -2.0 -2.4
294 -38.0 41.0 -5.6 -7.4
295 -35.0 34.0 -5.4 -0.4
296 -34.0 35.0 -5.1 -0.8
297 -35.0 37.0 -6.3 -1.1
298 -38.0 41.0 -1.4 -3.4
299 -39.0 36.0 -0.5 -2.0
300 -43.0 37.0 -3.3 5.1
301 -44.0 37.0 2.0 5.3
302 -43.0 38.0 -0.4 1.8
303 -40.0 38.0 -6.0 1.5
304 -40.0 39.0 -3.5 -1.1
305 -42.0 37.0 0.9 5.3
306 -42.0 37.0 0.4 5.3
307 -43.0 37.0 -0.8 5.7
308 -42.0 34.0 -2.9 -0.1
309 -41.0 34.0 -0.8 3.8
310 -41.0 39.0 0.1 9.7
311 -40.0 35.0 3.4 13.6
312 -41.0 32.0 0.2 0.4
313 -39.0 31.0 -5.6 2.4
314 -41.0 34.0 -8.4 6.0
315 -45.0 37.0 -4.1 5.7
316 -43.0 37.0 -3.2 3.2
317 -44.0 40.0 -0.9 -2.8
318 -42.0 38.0 -1.5 7.7
319 -42.0 42.0 2.3 -3.7
320 -40.0 43.0 -5.8 0.1
321 -37.0 41.0 0.2 2.8
322 -36.0 43.0 -1.6 0.2
323 -41.0 46.0 -1.8 3.0
324 -43.0 42.0 -6.8 1.4
325 -41.0 44.0 1.7 1.6
326 -41.0 44.0 -1.5 6.8
327 -45.0 46.0 -6.9 4.5
328 -46.0 45.0 -1.0 5.1
329 -45.0 47.0 -8.3 4.3
330 -45.0 48.0 -3.5 2.9
331 -47.0 48.0 -4.4 -2.7
332 -47.0 47.0 -2.7 3.8
333 -43.0 39.0 0.1 0.3
334 -43.0 43.0 -4.4 3.4
335 -42.0 41.0 -0.1 4.0
336 -39.0 41.0 -0.1 4.6
337 -42.0 43.0 -0.3 5.5
338 -38.0 42.0 -0.2 9.8
339 -39.0 41.0 -0.5 7.4
340 -39.0 43.0 0.6 9.2
341 -38.0 40.0 -4.4 1.8
342 -38.0 43.0 -6.3 6.0
343 -37.0 44.0 -7.8 9.9
344 -38.0 43.0 -3.8 9.3
345 -40.0 50.0 -1.6 3.9
346 -38.0 44.0 1.1 1.5
347 -38.0 44.0 5.8 4.8
348 -39.0 45.0 3.3 4.3
349 -37.0 47.0 -6.2 8.4
350 -35.0 46.0 0.0 2.8
351 -36.0 45.0 -5.5 0.9
352 -37.0 47.0 -2.8 5.3
353 -36.0 46.0 0.0 8.3
354 -32.0 39.0 1.6 8.9
355 -30.0 38.0 -6.4 0.5
356 -30.0 36.0 0.4 5.5
357 -30.0 33.0 -2.5 -2.2
358 -31.0 34.0 -3.8 5.9
359 -30.0 34.0 -3.1 -3.0
360 -28.0 31.0 -1.6 -3.5
361 -29.0 35.0 -1.8 -2.9
362 -28.0 35.0 -2.2 2.8
363 -28.0 35.0 1.4 3.9
364 -27.0 35.0 4.2 -0.3
365 -26.0 37.0 0.3 7.2
366 -30.0 41.0 -2.4 8.4
367 -29.0 39.0 -3.3 5.8
368 -29.0 39.0 -3.5 3.5
369 -30.0 36.0 -8.3 2.9
370 -30.0 33.0 -3.5 5.5
371 -30.0 32.0 -9.1 4.3
372 -31.0 28.0 -1.6 0.2
373 -26.0 25.0 -7.0 1.3
374 -24.0 30.0 -4.5 4.2
375 -24.0 33.0 -10.4 -2.2
376 -25.0 32.0 -8.5 -3.5
377 -25.0 33.0 -3.9 0.1
378 -24.0 30.0 -3.5 1.1
379 -24.0 26.0 1.5 2.2
380 -22.0 22.0 -5.3 3.4
381 -20.0 20.0 -4.8 4.3
382 -15.0 18.0 -3.9 7.6
383 -20.0 24.0 -4.6 1.3
384 -20.0 25.0 -4.6 -0.6
385 -20.0 24.0 -1.9 1.3
386 -21.0 26.0 -3.3 -0.5
387 -19.0 21.0 -5.7 3.9
388 -20.0 20.0 -7.0 -1.2
389 -20.0 21.0 -4.4 -2.0
390 -20.0 22.0 -5.9 0.0
391 -20.0 23.0 -4.2 6.0
392 -19.0 20.0 -1.9 0.4
393 -19.0 16.0 4.1 3.9
394 -18.0 16.0 -1.0 4.6
395 -20.0 12.0 -5.8 4.4
396 -21.0 18.0 -6.1 8.8
397 -19.0 13.0 -9.0 7.2
398 -18.0 12.0 -10.7 6.0
399 -18.0 13.0 2.1 3.5
400 -18.0 14.0 -4.0 1.7
401 -17.0 12.0 -0.2 7.4
402 -16.0 10.0 -5.5 5.0
403 -16.0 11.0 -7.3 6.7
404 -20.0 18.0 -6.7 -2.2
405 -20.0 19.0 1.7 6.3
406 -20.0 18.0 -7.8 -1.2
407 -20.0 20.0 -7.0 2.8
408 -19.0 23.0 -3.1 2.1
409 -19.0 21.0 -4.4 9.0
410 -20.0 22.0 -5.6 1.7
411 -20.0 22.0 -7.1 2.6
412 -19.0 23.0 -7.8 0.5
413 -20.0 22.0 -7.2 3.8
414 -19.0 21.0 -4.3 4.0
415 -19.0 21.0 -7.1 1.4
416 -19.0 20.0 -6.4 2.1
417 -20.0 17.0 -2.2 7.2
418 -20.0 12.0 -5.9 3.4
419 -18.0 13.0 -0.8 4.0
420 -17.0 18.0 -1.0 3.2
421 -17.0 13.0 4.4 3.1
422 -16.0 11.0 -1.4 6.1
423 -16.0 15.0 6.0 2.1
424 -16.0 11.0 0.2 2.3
425 -17.0 6.0 1.8 8.4
426 -16.0 7.0 -3.5 6.1
427 -16.0 7.0 3.3 6.9
428 -16.0 11.0 -0.2 3.3
429 -17.0 13.0 -4.0 2.4
430 -18.0 15.0 0.0 1.1
431 -18.0 16.0 1.1 2.1
432 -24.0 21.0 -7.6 -3.3
433 -22.0 19.0 -4.3 6.3
434 -21.0 19.0 2.8 5.1
435 -21.0 24.0 -3.9 4.5
436 -20.0 22.0 -1.2 8.0
437 -19.0 24.0 -3.0 5.3
438 -18.0 23.0 4.2 9.9
439 -17.0 25.0 2.8 3.0
440 -16.0 23.0 1.6 0.5
441 -17.0 23.0 -3.4 3.4
442 -18.0 26.0 -3.2 3.6
443 -17.0 25.0 -7.2 -5.1
444 -16.0 25.0 -1.9 -0.6
445 -15.0 24.0 -1.4 -2.4
446 -15.0 21.0 -0.1 -5.0
447 -15.0 27.0 -6.1 0.2
448 -15.0 28.0 -0.3 -1.1
449 -15.0 27.0 -6.4 1.6
450 -16.0 28.0 -5.5 0.9
451 -17.0 31.0 -2.3 -3.7
452 -17.0 31.0 0.2 -4.7
453 -17.0 30.0 0.5 -4.5
454 -17.0 31.0 2.4 3.7
455 -17.0 35.0 -9.0 0.0
456 -17.0 39.0 -3.5 4.9
457 -16.0 36.0 1.6 4.9
458 -16.0 33.0 1.5 2.7
459 -16.0 34.0 -3.6 0.4
460 -15.0 34.0 -5.8 2.7
461 -14.0 30.0 -5.3 3.2
462 -14.0 26.0 -1.8 3.7
463 -13.0 24.0 -3.6 -1.6
464 -13.0 26.0 -5.5 0.2
465 -14.0 26.0 -4.2 -1.7
466 -14.0 25.0 -0.4 -4.1
467 -13.0 28.0 -5.5 -2.4
468 -13.0 35.0 -1.8 0.8
469 -14.0 31.0 -6.7 3.2
470 -14.0 27.0 -6.4 4.2
471 -14.0 31.0 -8.8 -4.8
472 -14.0 33.0 -5.2 -0.9
473 -14.0 31.0 -8.6 1.7
474 -14.0 35.0 0.6 -0.6
475 -13.0 38.0 -3.7 -2.6
476 -13.0 36.0 0.2 -2.0
477 -13.0 28.0 -4.4 -1.0
478 -13.0 25.0 -3.0 0.4
479 -13.0 21.0 -2.6 2.4
480 -12.0 24.0 -4.0 0.2
481 -12.0 23.0 -6.1 3.2
482 -10.0 18.0 0.5 5.1
483 -11.0 17.0 -6.2 1.8
484 -13.0 10.0 -3.4 1.1
485 -13.0 8.0 -2.1 1.6
486 -14.0 7.0 -1.6 -1.4
487 -14.0 7.0 1.8 -0.2
488 -14.0 5.0 -6.2 -4.8
489 -14.0 -2.0 -3.1 5.1
490 -15.0 -3.0 -11.0 4.0
491 -14.0 -2.0 -1.1 -0.4
492 -14.0 -4.0 -0.3 -2.0
493 -14.0 -4.0 3.0 7.2
494 -15.0 -4.0 -2.8 1.3
495 -14.0 1.0 -0.6 1.1
496 -13.0 2.0 -5.4 6.0
497 -13.0 0.0 3.2 2.0
498 -13.0 -2.0 -4.9 1.3
499 -13.0 0.0 -4.9 -0.8
500 -12.0 -1.0 -3.0 4.6
501 -10.0 -2.0 -5.5 6.2
502 -10.0 -9.0 -7.5 9.1
503 -10.0 -11.0 1.1 4.5
504 -10.0 -12.0 -5.5 3.5
505 -10.0 -16.0 4.8 -0.3
506 -10.0 -18.0 -0.5 1.3
507 -10.0 -17.0 -3.1 -0.7
508 -11.0 -16.0 -5.7 3.8
509 -12.0 -16.0 -0.6 4.6
510 -12.0 -18.0 2.8 4.9
511 -12.0 -17.0 -0.7 0.4
512 -12.0 -13.0 1.4 0.9
513 -12.0 -12.0 -0.8 9.6
514 -12.0 -17.0 -0.8 0.2
515 -11.0 -17.0 -1.4 4.0
516 -11.0 -13.0 -4.2 7.5
517 -11.0 -14.0 -2.8 6.5
518 -11.0 -21.0 -0.7 5.4
519 -11.0 -16.0 0.0 3.3
520 -11.0 -13.0 0.8 0.0
521 -11.0 -14.0 2.2 9.9
522 -11.0 -15.0 -0.6 4.1
523 -11.0 -16.0 -1.4 5.1
524 -11.0 -15.0 -5.6 2.3
525 -11.0 -14.0 4.6 4.1
526 -12.0 -12.0 2.4 4.4
527 -14.0 -10.0 -3.6 1.8
528 -14.0 -8.0 -5.0 1.8
529 -13.0 -5.0 -2.2 2.3
530 -13.0 -10.0 -0.8 7.3
531 -13.0 -9.0 -0.8 -3.2
532 -13.0 -4.0 1.4 1.0
533 -12.0 -3.0 0.8 2.1
534 -10.0 1.0 -4.0 -0.4
535 -10.0 1.0 -4.9 2.2
536 -9.0 1.0 -3.8 2.1
537 -9.0 5.0 -2.1 -0.5
538 -9.0 5.0 -0.5 4.5
539 -9.0 8.0 -6.6 0.7
540 -8.0 10.0 0.0 -2.2
541 -8.0 9.0 -3.3 -1.3
542 -7.0 7.0 -5.2 1.8
543 -7.0 9.0 -5.5 -2.0
544 -7.0 8.0 -5.2 1.9
545 -7.0 8.0 -2.2 2.1
546 -7.0 9.0 4.6 -1.1
547 -8.0 9.0 -5.6 -4.2
548 -8.0 9.0 0.0 3.5
549 -8.0 8.0 3.2 2.6
550 -8.0 7.0 -1.9 -1.0
551 -8.0 9.0 1.2 -0.1
552 -8.0 10.0 6.5 -4.1
553 -8.0 14.0 0.4 -1.2
554 -9.0 11.0 -2.0 -4.9
555 -9.0 13.0 -2.9 1.2
556 -9.0 14.0 -2.0 -4.3
557 -9.0 12.0 -2.0 2.5
558 -8.0 12.0 -2.0 -3.0
559 -7.0 12.0 1.7 -2.9
560 -7.0 17.0 -0.4 -1.3
561 -7.0 19.0 1.7 -1.9
562 -7.0 18.0 -4.1 -1.1
563 -7.0 19.0 -2.0 -4.3
564 -7.0 26.0 1.7 -1.3
565 -7.0 27.0 7.4 -3.8
566 -7.0 27.0 7.4 -1.7
567 -7.0 29.0 3.7 -2.3
568 -7.0 37.0 -2.1 -1.9
569 -6.0 35.0 4.0 -1.0
570 -6.0 33.0 -2.2 1.8
571 -6.0 35.0 1.8 -1.7
572 -6.0 39.0 1.8 2.4
573 -6.0 35.0 0.0 0.6
574 -6.0 34.0 0.0 1.7
575 -6.0 34.0 -0.9 2.3
576 -5.0 28.0 -2.5 -1.7
577 -3.0 35.0 2.8 2.4
578 -3.0 38.0 -2.2 -4.2
579 -3.0 41.0 -2.3 -4.4
580 -3.0 42.0 -2.3 -5.0
581 -3.0 42.0 2.7 3.4
582 -3.0 39.0 -4.7 -5.6
583 -3.0 38.0 -2.4 0.5
584 -3.0 38.0 -2.6 2.6
585 -3.0 41.0 0.0 -0.5
586 -3.0 44.0 -2.8 -1.8
587 -3.0 40.0 -2.8 -0.4
588 -3.0 44.0 -2.8 1.8
589 -3.0 41.0 0.0 -2.8
590 -3.0 40.0 0.0 -0.2
591 -3.0 37.0 0.0 6.0
592 -3.0 42.0 0.0 -1.3
593 -3.0 41.0 -3.1 1.7
594 -2.0 42.0 0.0 4.8
595 -3.0 41.0 -3.2 2.9
596 -3.0 39.0 -6.5 1.0
597 -2.0 37.0 5.9 3.0
598 -2.0 38.0 0.0 -2.3
599 -2.0 38.0 -3.2 -4.4
600 -3.0 38.0 0.0 -0.3
601 -3.0 34.0 -3.2 -5.6
602 -3.0 39.0 -6.5 2.9
603 -3.0 34.0 -6.5 1.0
604 -3.0 37.0 0.0 2.8
605 -4.0 38.0 -3.2 -2.5
606 -5.0 36.0 0.0 3.9
607 -5.0 38.0 0.0 1.5
608 -5.0 39.0 0.0 8.0
609 -5.0 41.0 -3.7 0.6
610 -5.0 36.0 -3.7 2.5
611 -5.0 34.0 -3.7 4.2
612 -5.0 37.0 0.0 2.9
613 -5.0 35.0 0.0 1.7
614 -5.0 28.0 3.0 9.8
615 -5.0 24.0 -7.4 3.3
616 -5.0 23.0 -7.4 -1.6
617 -5.0 20.0 -3.7 -1.8
618 -5.0 18.0 6.7 2.9
619 -5.0 14.0 2.7 5.1
620 -5.0 15.0 6.7 -1.7
621 -6.0 14.0 9.3 5.3
622 -6.0 12.0 2.7 1.0
623 -6.0 17.0 0.0 2.0
624 -6.0 16.0 0.0 0.7
625 -6.0 14.0 -8.0 -1.8
626 -6.0 14.0 -4.2 0.7
627 -6.0 14.0 -5.0 4.1
628 -6.0 11.0 0.0 9.3
629 -6.0 9.0 0.0 7.9
630 -6.0 9.0 0.0 4.8
631 -6.0 6.0 -5.0 0.9
632 -6.0 7.0 0.0 7.9
633 -6.0 9.0 0.0 -1.4
634 -6.0 9.0 0.0 -2.1
635 -6.0 6.0 0.0 4.0
636 -6.0 4.0 0.0 6.2
637 -6.0 7.0 0.0 9.0
638 -6.0 5.0 0.0 0.8
639 -7.0 11.0 0.0 4.8
640 -7.0 13.0 0.0 9.4
641 -7.0 16.0 0.0 2.6
642 -7.0 10.0 6.7 8.8
643 -7.0 10.0 0.0 5.9
644 -7.0 5.0 0.0 4.5
645 -6.0 1.0 7.7 6.7
646 -6.0 0.0 7.7 6.3
647 -6.0 -2.0 -5.9 7.8
648 -6.0 -4.0 0.0 4.1
649 -6.0 -8.0 7.7 9.4
650 -5.0 -5.0 0.0 7.3
651 -5.0 -3.0 8.3 10.1
652 -5.0 -3.0 0.0 4.8
653 -5.0 -3.0 0.0 5.2
654 -4.0 -7.0 0.0 2.8
655 -3.0 -8.0 0.0 5.5
656 -3.0 -5.0 0.0 4.8
657 -3.0 -6.0 0.0 2.6
658 -3.0 -7.0 0.0 -1.1
659 -3.0 -8.0 0.0 5.4
660 -3.0 -4.0 0.0 5.6
661 -3.0 -2.0 0.0 4.3
662 -3.0 -3.0 0.0 4.1
663 -3.0 1.0 0.0 2.4
664 -3.0 5.0 -6.7 -2.0
665 -3.0 5.0 0.0 0.3
666 -3.0 4.0 0.0 3.8
667 -3.0 3.0 0.0 3.5
668 -3.0 1.0 -6.7 0.4
669 -3.0 -3.0 -6.7 -2.5
670 -3.0 -4.0 -6.7 2.2
671 -2.0 -5.0 -13.3 -1.6
672 -2.0 -6.0 -6.7 -0.9
673 -2.0 -10.0 0.0 -0.1
674 -2.0 -9.0 0.0 4.3
675 -2.0 -10.0 0.0 7.7
676 -2.0 -7.0 0.0 3.0
677 -2.0 -7.0 0.0 -6.3
678 -2.0 -9.0 20.0 -0.1
679 -2.0 -10.0 0.0 2.1
680 -2.0 -9.0 0.0 1.2
681 -2.0 -8.0 0.0 4.3
682 -2.0 -10.0 0.0 -1.1
683 -2.0 -9.0 0.0 2.6
684 -2.0 -9.0 0.0 1.2
685 -2.0 -10.0 0.0 -0.2
686 -2.0 -12.0 0.0 -2.8
687 -2.0 -15.0 0.0 -5.4
688 -2.0 -15.0 0.0 0.0
689 -1.0 -21.0 0.0 0.4
690 -1.0 -19.0 0.0 -2.9
691 -1.0 -20.0 0.0 0.7
692 -1.0 -22.0 -6.7 -0.7
693 -1.0 -23.0 0.0 -3.2
694 -1.0 -18.0 0.0 -5.5
695 -1.0 -17.0 -7.7 -4.3
696 -1.0 -12.0 -7.7 -6.5
697 -1.0 -12.0 0.0 -4.3
698 -1.0 -15.0 0.0 -4.4
699 -1.0 -11.0 -7.7 -1.2
700 -1.0 -13.0 0.0 -4.8
701 -1.0 -17.0 -8.3 -6.0
702 -1.0 -21.0 0.0 -8.2
703 -1.0 -20.0 0.0 -4.1
704 -1.0 -21.0 0.0 -0.3
705 -1.0 -25.0 0.0 -0.9
706 0.0 -31.0 0.0 -4.0
707 0.0 -33.0 0.0 -2.2
708 0.0 -31.0 0.0 -0.2
709 0.0 -32.0 0.0 0.2
710 0.0 -35.0 0.0 -5.5
711 0.0 -37.0 0.0 -2.2
712 0.0 -37.0 0.0 1.3
713 0.0 -37.0 0.0 0.8
714 0.0 -37.0 0.0 -2.1
715 0.0 -36.0 0.0 1.9
716 0.0 -36.0 0.0 3.6
717 0.0 -35.0 0.0 6.3
718 0.0 -34.0 0.0 -1.6
719 0.0 -30.0 0.0 4.8
720 0.0 -30.0 0.0 5.0
721 0.0 -28.0 0.0 0.0
722 0.0 -29.0 0.0 3.1
723 -1.0 -28.0 0.0 0.2
724 -1.0 -28.0 0.0 -0.2
725 -1.0 -28.0 0.0 -4.2
726 -1.0 -29.0 0.0 0.4
727 -1.0 -36.0 0.0 5.3
728 -1.0 -34.0 -20.0 0.2
729 -1.0 -32.0 0.0 -2.8
730 -1.0 -31.0 0.0 -2.3
731 -1.0 -29.0 0.0 -1.4
732 -1.0 -26.0 0.0 -1.5
733 -1.0 -28.0 0.0 5.4
734 -1.0 -29.0 0.0 -0.3
735 -1.0 -33.0 0.0 -0.7
736 -1.0 -29.0 0.0 -2.9
737 -1.0 -29.0 0.0 -2.4
738 -1.0 -30.0 0.0 -0.5
739 -1.0 -28.0 0.0 -0.5
740 -1.0 -36.0 0.0 -0.1
741 -1.0 -36.0 0.0 -2.4
742 -1.0 -33.0 0.0 -5.9
743 -1.0 -33.0 0.0 -1.1
744 -1.0 -36.0 0.0 -2.6
745 -1.0 -33.0 0.0 0.6
746 -1.0 -35.0 0.0 3.1
747 -1.0 -32.0 0.0 -1.3
748 -1.0 -25.0 0.0 6.2
749 -1.0 -25.0 0.0 -0.7
750 -1.0 -26.0 0.0 4.8
751 -1.0 -25.0 0.0 3.3
752 -1.0 -21.0 0.0 10.2
753 -1.0 -20.0 0.0 0.7
754 -1.0 -14.0 0.0 2.1
755 -1.0 -9.0 0.0 -0.6
756 -1.0 -8.0 0.0 2.1
757 -1.0 -5.0 0.0 -1.7
758 -1.0 -10.0 0.0 -2.4
759 -1.0 -7.0 0.0 -6.9
760 -1.0 -3.0 0.0 -2.6
761 -1.0 1.0 0.0 -3.3
762 -1.0 -4.0 0.0 -6.0
763 -1.0 -9.0 0.0 -4.0
764 -1.0 -9.0 0.0 -4.3
765 -1.0 -7.0 0.0 -0.3
766 -1.0 -7.0 0.0 -7.6
767 -1.0 -3.0 0.0 -3.9
768 -1.0 -4.0 0.0 0.1
769 -1.0 -1.0 0.0 -4.9
770 -1.0 -1.0 0.0 -3.9
771 -1.0 -5.0 0.0 -4.8
772 -1.0 -4.0 0.0 -2.2
773 0.0 -2.0 0.0 -0.8
774 0.0 0.0 0.0 -3.1
775 0.0 1.0 0.0 -2.5
776 0.0 2.0 0.0 -2.8
777 0.0 8.0 0.0 -7.5
778 0.0 9.0 0.0 -7.8
779 0.0 7.0 0.0 0.1
780 0.0 6.0 0.0 0.6
781 0.0 2.0 0.0 -5.6
782 0.0 2.0 0.0 -3.3
783 0.0 2.0 0.0 -7.8
784 0.0 5.0 0.0 -0.2
785 0.0 10.0 0.0 -2.7
786 0.0 7.0 0.0 0.5
787 0.0 10.0 0.0 0.1
788 0.0 11.0 0.0 -3.3
789 0.0 11.0 0.0 0.4
790 0.0 18.0 0.0 -1.5
791 0.0 18.0 0.0 -0.4
792 0.0 20.0 0.0 1.5
793 0.0 21.0 0.0 3.1
794 0.0 22.0 0.0 0.2
795 0.0 23.0 0.0 3.9
796 0.0 21.0 0.0 -2.2
797 0.0 17.0 0.0 -5.2
798 0.0 16.0 0.0 -5.3
799 0.0 13.0 0.0 -5.6
800 0.0 13.0 0.0 -6.3
801 0.0 14.0 0.0 -5.3
802 0.0 15.0 0.0 -4.8
803 0.0 14.0 0.0 1.7
804 0.0 6.0 0.0 -6.2
805 0.0 5.0 0.0 -5.2
806 0.0 6.0 0.0 -2.3
807 0.0 9.0 0.0 -1.7
808 0.0 14.0 0.0 0.7
809 0.0 14.0 0.0 -1.9
810 0.0 11.0 0.0 1.6
811 0.0 6.0 0.0 -0.9
812 -1.0 12.0 0.0 3.5
813 -1.0 17.0 0.0 -3.3
814 -1.0 16.0 0.0 1.3
815 -1.0 14.0 0.0 -2.5
816 -1.0 12.0 0.0 -2.0
817 -1.0 10.0 0.0 -7.8
818 -1.0 7.0 0.0 -4.2
819 -1.0 5.0 0.0 -3.4
820 -1.0 2.0 0.0 -3.6
821 -1.0 8.0 0.0 0.7
822 -1.0 9.0 0.0 -0.9
823 -1.0 11.0 0.0 -0.6
824 -1.0 8.0 0.0 -2.1
825 -1.0 10.0 0.0 -0.1
826 -1.0 10.0 0.0 5.5
827 -1.0 4.0 0.0 8.0
828 -1.0 2.0 0.0 4.1
829 -1.0 -1.0 0.0 -4.5
830 -1.0 -1.0 0.0 -1.5
831 -1.0 2.0 0.0 4.6
832 -1.0 3.0 0.0 2.3
833 -1.0 5.0 0.0 3.7
834 -1.0 4.0 0.0 -1.7
835 -1.0 0.0 0.0 -0.7
836 -1.0 1.0 0.0 0.6
837 -1.0 -2.0 0.0 3.8
838 -1.0 -3.0 0.0 -0.3
839 -1.0 -5.0 0.0 -0.6
840 -1.0 -10.0 0.0 -2.0
841 -1.0 -8.0 0.0 -1.3
842 -1.0 -9.0 0.0 1.3
843 -1.0 -16.0 0.0 -3.6
844 -1.0 -14.0 0.0 2.4
845 -1.0 -18.0 0.0 -3.7
846 -1.0 -16.0 0.0 0.9
847 -1.0 -15.0 0.0 4.8
848 -1.0 -18.0 0.0 2.4
849 -1.0 -18.0 0.0 4.1
850 -1.0 -16.0 0.0 5.9
851 -1.0 -16.0 0.0 1.7
852 -1.0 -17.0 0.0 -0.7
853 -1.0 -17.0 0.0 -0.2
854 -1.0 -10.0 0.0 4.4
855 -1.0 -10.0 0.0 7.2
856 -1.0 -4.0 0.0 -0.2
857 -1.0 -8.0 0.0 -0.4
858 -1.0 -10.0 0.0 -1.4
859 -1.0 -10.0 0.0 7.2
860 -1.0 -11.0 0.0 1.8
861 -1.0 -13.0 0.0 1.6
862 0.0 -14.0 0.0 -0.6
863 -1.0 -19.0 0.0 2.7
864 -1.0 -19.0 0.0 2.9
865 -1.0 -17.0 0.0 2.7
866 -1.0 -16.0 0.0 9.1
867 -1.0 -16.0 0.0 5.7
868 -1.0 -13.0 0.0 2.9
869 -1.0 -13.0 0.0 1.3
870 -1.0 -6.0 0.0 0.6
871 -1.0 -9.0 0.0 1.0
872 -1.0 -10.0 0.0 -2.5
873 -1.0 -14.0 0.0 -2.6
874 -1.0 -13.0 0.0 1.7
875 -1.0 -12.0 0.0 -2.6
876 -1.0 -14.0 0.0 -7.2
877 -1.0 -9.0 0.0 -5.5
878 -1.0 -7.0 0.0 1.0
879 -1.0 -5.0 0.0 5.5
880 -1.0 -2.0 0.0 6.3
881 -1.0 -1.0 0.0 -1.2
882 -1.0 -5.0 0.0 1.5
883 -1.0 -4.0 0.0 -2.5
884 -1.0 -5.0 0.0 4.2
885 -1.0 -2.0 0.0 1.3
886 -1.0 0.0 0.0 0.2
887 -1.0 -1.0 0.0 -3.1
888 -1.0 2.0 0.0 5.5
889 -1.0 3.0 0.0 -2.6
890 -1.0 7.0 0.0 0.7
891 -1.0 3.0 0.0 -4.6
892 -1.0 3.0 0.0 -2.9
893 -1.0 10.0 0.0 3.2
894 -1.0 7.0 0.0 -1.9
895 -1.0 8.0 0.0 -1.6
896 -1.0 5.0 0.0 -0.2
897 -1.0 8.0 0.0 -0.4
898 -1.0 11.0 0.0 -0.4
899 -1.0 14.0 0.0 -4.2
900 -1.0 10.0 0.0 -7.6
901 -1.0 11.0 0.0 -4.6
902 -1.0 8.0 0.0 -6.8
903 -1.0 11.0 0.0 -4.9
904 -1.0 13.0 0.0 -5.9
905 -1.0 13.0 0.0 -1.5
906 -1.0 12.0 0.0 -2.9
907 -1.0 16.0 0.0 0.2
908 -1.0 12.0 0.0 -0.1
909 -1.0 11.0 0.0 -5.7
910 -1.0 10.0 0.0 -5.6
911 -1.0 17.0 0.0 -2.8
912 -1.0 17.0 0.0 -4.9
913 0.0 20.0 nan -2.2
914 0.0 22.0 nan -4.5
915 0.0 18.0 nan -3.1
916 0.0 17.0 nan -5.1
917 0.0 16.0 nan -5.1
918 0.0 18.0 nan -0.3
919 0.0 21.0 nan 0.6
920 0.0 18.0 nan 1.3
921 0.0 17.0 nan 2.5
922 0.0 17.0 nan 0.8
923 0.0 14.0 nan 2.2
924 0.0 12.0 nan 1.9
925 0.0 6.0 nan -3.5
926 0.0 7.0 nan 1.2
927 0.0 7.0 nan -3.9
928 0.0 6.0 nan -4.9
929 0.0 7.0 nan -3.0
930 0.0 5.0 nan -6.5
931 0.0 3.0 nan -0.7
932 0.0 6.0 nan -3.5
933 0.0 8.0 nan 1.9
934 0.0 11.0 nan -5.1
935 0.0 13.0 nan -2.9
936 0.0 13.0 nan -0.7
937 0.0 15.0 nan 0.6
938 0.0 13.0 nan -6.6
939 0.0 14.0 nan 0.7
940 0.0 14.0 nan -1.2
941 0.0 17.0 nan 0.2
942 0.0 17.0 nan 0.8
943 0.0 18.0 nan -3.0
944 0.0 15.0 nan -0.5
945 0.0 14.0 nan 0.0
946 0.0 12.0 nan -1.9
947 0.0 15.0 nan 0.1
948 0.0 15.0 nan -1.8
949 0.0 15.0 nan 0.5
950 0.0 15.0 nan 1.7
951 0.0 15.0 nan 5.6
952 0.0 15.0 nan 7.4
953 0.0 15.0 nan 3.9
954 0.0 15.0 nan 5.0
955 0.0 15.0 nan 0.5
956 0.0 15.0 nan -1.7
957 0.0 15.0 nan 1.3
958 0.0 15.0 nan -0.8
959 0.0 15.0 nan 2.2
960 0.0 15.0 nan 5.4
961 0.0 15.0 nan 1.3
962 0.0 15.0 nan 2.7
963 0.0 15.0 nan 0.7
964 0.0 15.0 nan 2.5
965 0.0 15.0 nan -0.1
966 0.0 15.0 nan 1.3
967 0.0 15.0 nan 1.4
968 0.0 15.0 nan 2.8
969 0.0 15.0 nan 0.5
970 0.0 15.0 nan 5.0
971 0.0 15.0 nan -2.4
972 0.0 15.0 nan 1.6
973 0.0 15.0 nan -3.3
974 0.0 15.0 nan -1.0
975 0.0 15.0 nan 5.7
976 0.0 15.0 nan 1.0
977 0.0 15.0 nan 6.2
978 0.0 15.0 nan 5.4
979 0.0 15.0 nan -0.1
980 0.0 15.0 nan 3.7
981 0.0 15.0 nan 4.0
982 0.0 15.0 nan 3.3
983 0.0 15.0 nan -0.8
984 0.0 15.0 nan 5.0
985 0.0 15.0 nan 1.1
986 0.0 15.0 nan 4.0
987 0.0 15.0 nan 3.8
988 0.0 15.0 nan 5.6
989 0.0 15.0 nan 7.9
990 0.0 15.0 nan 4.6
991 0.0 15.0 nan 7.1
992 0.0 15.0 nan 2.3
993 0.0 15.0 nan 2.3
994 0.0 15.0 nan 4.0
995 0.0 15.0 nan 1.9
996 0.0 15.0 nan 4.3
997 0.0 15.0 nan 1.3
998 0.0 15.0 nan 3.2
