# P1 size difference,  P2 size difference, P1 ai difference, P2 ai difference
0 4.0 8.0 0.0 0.0
1 3.0 9.0 0.0 0.0
2 -2.0 9.0 0.0 0.0
3 1.0 4.0 0.0 0.0
4 4.0 1.0 0.0 0.0
5 5.0 3.0 -1.8 -2.6
6 9.0 -1.0 -4.5 3.4
7 10.0 1.0 -5.0 -4.3
8 9.0 2.0 -3.1 -1.0
9 7.0 6.0 0.7 -2.6
10 2.0 9.0 1.1 -2.4
11 3.0 7.0 5.9 -1.4
12 7.0 5.0 8.4 -4.1
13 6.0 2.0 -0.4 -3.2
14 9.0 -3.0 6.8 5.9
15 8.0 -3.0 5.4 2.1
16 8.0 -4.0 -4.0 -4.2
17 8.0 -4.0 -4.0 3.9
18 7.0 1.0 0.9 0.8
19 7.0 2.0 -4.1 -3.6
20 10.0 -1.0 0.4 0.3
21 7.0 4.0 1.9 0.4
22 6.0 3.0 4.7 -0.5
23 4.0 5.0 2.3 -2.0
24 5.0 3.0 3.8 -0.1
25 6.0 2.0 0.9 1.1
26 8.0 -1.0 5.4 -0.9
27 9.0 0.0 2.5 -1.3
28 10.0 -2.0 1.6 4.7
29 5.0 -2.0 -0.2 0.6
30 6.0 -2.0 0.1 -6.8
31 3.0 2.0 -4.4 3.9
32 -1.0 2.0 -7.9 1.0
33 -1.0 2.0 -1.4 0.2
34 -4.0 5.0 -0.1 -0.3
35 -8.0 7.0 3.8 7.8
36 -3.0 4.0 2.0 -2.1
37 2.0 2.0 0.8 2.6
38 0.0 3.0 -0.3 3.5
39 2.0 5.0 0.4 0.5
40 0.0 7.0 -7.9 -1.3
41 -2.0 5.0 1.8 1.4
42 -3.0 2.0 4.3 0.2
43 0.0 2.0 1.9 -4.4
44 5.0 -1.0 -4.8 6.2
45 9.0 -6.0 -0.4 1.0
46 10.0 -5.0 -0.5 0.3
47 9.0 -2.0 0.3 2.1
48 13.0 -6.0 -2.6 -0.6
49 12.0 -7.0 3.3 -6.9
50 11.0 -2.0 2.7 -3.3
51 10.0 -2.0 -4.0 -4.8
52 11.0 -1.0 -3.8 -7.1
53 5.0 3.0 2.0 -0.9
54 5.0 -1.0 4.0 1.0
55 7.0 -8.0 3.1 -0.8
56 4.0 -4.0 6.9 3.8
57 5.0 -4.0 2.5 4.2
58 6.0 -6.0 0.9 0.7
59 1.0 3.0 -3.9 1.0
60 -4.0 11.0 -1.8 2.7
61 -4.0 12.0 -5.4 -1.4
62 -8.0 11.0 0.5 -0.9
63 -3.0 10.0 -1.5 -0.4
64 0.0 5.0 -2.0 0.7
65 2.0 3.0 -3.6 -1.1
66 -3.0 3.0 1.4 2.3
67 -11.0 8.0 -0.6 -0.2
68 -20.0 9.0 0.2 2.2
69 -25.0 13.0 7.2 -1.8
70 -22.0 8.0 7.5 0.6
71 -16.0 5.0 4.4 -2.4
72 -12.0 4.0 -2.5 1.8
73 -5.0 2.0 0.2 0.4
74 0.0 2.0 -3.0 5.0
75 -3.0 8.0 -6.2 5.4
76 -3.0 7.0 -6.1 4.4
77 3.0 5.0 1.5 -1.2
78 3.0 6.0 1.6 4.2
79 3.0 5.0 -2.3 2.5
80 6.0 0.0 2.6 -0.7
81 8.0 -1.0 5.0 1.1
82 3.0 0.0 0.4 2.2
83 5.0 -2.0 -4.5 1.5
84 9.0 -6.0 -2.3 -5.1
85 10.0 -5.0 -5.5 -1.5
86 9.0 -4.0 -5.5 -0.6
87 11.0 -4.0 0.5 -0.7
88 3.0 0.0 1.8 -3.6
89 -3.0 5.0 6.4 3.6
90 -9.0 9.0 6.0 0.2
91 -8.0 8.0 2.0 2.9
92 -8.0 10.0 3.5 0.8
93 -5.0 11.0 1.5 0.8
94 -4.0 9.0 -4.6 -1.3
95 1.0 3.0 -0.8 2.4
96 3.0 4.0 -0.2 -6.3
97 2.0 3.0 -5.3 6.3
98 7.0 -1.0 0.9 2.4
99 5.0 2.0 -0.4 -2.3
100 3.0 7.0 -2.4 -2.9
101 1.0 6.0 -1.4 1.4
102 5.0 2.0 1.7 -2.2
103 -2.0 5.0 -1.1 -3.1
104 -2.0 3.0 -1.5 5.8
105 -3.0 0.0 -2.8 0.4
106 -1.0 -3.0 -1.6 -2.7
107 -6.0 0.0 -0.9 -5.2
108 -4.0 2.0 -3.3 1.9
109 -3.0 2.0 2.0 -1.7
110 -4.0 5.0 -1.2 1.4
111 -5.0 7.0 5.5 2.1
112 -3.0 8.0 -2.3 -0.3
113 1.0 3.0 3.6 -2.2
114 7.0 0.0 1.0 -4.0
115 13.0 -3.0 4.4 -3.6
116 9.0 3.0 -3.1 0.7
117 11.0 0.0 2.9 4.7
118 7.0 2.0 1.0 -0.6
119 1.0 5.0 0.3 1.7
120 1.0 5.0 2.0 1.6
121 5.0 0.0 1.2 -0.9
122 4.0 3.0 0.7 -2.0
123 7.0 0.0 -3.2 1.4
124 11.0 -3.0 -3.6 1.2
125 5.0 0.0 -2.1 3.5
126 1.0 3.0 -0.1 2.0
127 5.0 0.0 3.3 1.7
128 -1.0 5.0 0.8 4.4
129 0.0 5.0 5.8 3.7
130 1.0 7.0 3.9 0.0
131 5.0 3.0 -1.4 3.6
132 1.0 7.0 -1.9 4.3
133 2.0 6.0 1.1 -2.3
134 -4.0 10.0 0.0 -5.8
135 -5.0 9.0 2.2 -0.4
136 -5.0 10.0 0.8 0.6
137 -9.0 9.0 3.5 -3.1
138 -8.0 9.0 2.1 0.4
139 -5.0 8.0 2.2 3.8
140 1.0 4.0 -1.4 1.2
141 -4.0 5.0 -1.5 -1.1
142 -3.0 4.0 -7.4 -3.4
143 -1.0 5.0 -3.0 0.8
144 2.0 2.0 -2.6 -1.3
145 -1.0 0.0 0.2 0.2
146 5.0 -1.0 -0.7 -1.3
147 4.0 -3.0 -1.6 2.7
148 5.0 -9.0 0.8 1.2
149 0.0 -6.0 -2.6 0.7
150 -1.0 1.0 -1.6 -1.1
151 -7.0 5.0 7.6 -2.3
152 -4.0 8.0 8.0 0.2
153 -9.0 13.0 1.0 -6.5
154 -7.0 14.0 -0.7 2.9
155 -8.0 13.0 -1.3 2.8
156 -3.0 9.0 -6.4 4.8
157 2.0 5.0 -1.7 2.4
158 9.0 3.0 -3.1 9.2
159 7.0 -2.0 1.4 2.2
160 8.0 -5.0 -2.4 0.0
161 8.0 -6.0 2.8 -1.8
162 4.0 -4.0 -8.1 0.8
163 1.0 -3.0 3.4 -2.1
164 7.0 -1.0 -3.1 -4.0
165 6.0 3.0 -1.4 -4.6
166 7.0 1.0 -5.6 2.3
167 9.0 -3.0 7.5 1.3
168 11.0 -4.0 0.6 -4.7
169 6.0 0.0 8.7 0.7
170 11.0 -4.0 5.9 2.0
171 6.0 1.0 10.5 -2.7
172 7.0 5.0 3.6 -3.0
173 5.0 9.0 0.5 2.4
174 8.0 2.0 -0.7 -1.1
175 4.0 5.0 1.7 0.7
176 3.0 6.0 -0.4 5.2
177 0.0 10.0 -3.6 -1.7
178 -1.0 9.0 5.3 2.7
179 1.0 10.0 0.2 -0.8
180 4.0 7.0 -0.8 2.2
181 3.0 8.0 -5.3 -0.3
182 1.0 6.0 0.9 0.5
183 2.0 5.0 -5.1 -3.6
184 -3.0 4.0 -5.8 6.3
185 -6.0 3.0 2.0 1.9
186 1.0 -3.0 -0.6 0.3
187 6.0 -8.0 -2.5 5.6
188 3.0 -9.0 0.1 4.7
189 2.0 -6.0 5.2 -2.2
190 5.0 -8.0 -1.5 -4.0
191 3.0 -8.0 2.3 -3.0
192 3.0 -8.0 2.8 -7.9
193 7.0 -12.0 5.1 0.0
194 9.0 -9.0 -3.9 -2.1
195 8.0 -9.0 1.9 -1.3
196 6.0 -4.0 -1.7 0.8
197 1.0 1.0 -1.2 5.4
198 -3.0 7.0 -2.8 -2.3
199 -5.0 3.0 3.3 -1.3
200 -8.0 7.0 0.3 -0.1
201 -11.0 8.0 3.7 -1.0
202 -9.0 3.0 -0.4 -0.9
203 -6.0 4.0 -1.5 -4.0
204 -8.0 7.0 -1.5 0.2
205 -6.0 5.0 0.3 2.7
206 1.0 -2.0 0.9 -2.4
207 0.0 5.0 2.6 -2.7
208 -2.0 1.0 -3.9 0.8
209 5.0 -3.0 1.4 -1.4
210 6.0 -3.0 -4.8 3.8
211 0.0 3.0 -1.9 5.1
212 -2.0 -3.0 -3.6 4.3
213 -2.0 0.0 5.4 5.5
214 -8.0 5.0 0.3 3.5
215 -11.0 10.0 1.2 -2.6
216 -12.0 9.0 -2.4 -2.8
217 -14.0 13.0 2.9 -4.0
218 -16.0 12.0 -1.0 -2.7
219 -10.0 4.0 0.7 1.1
220 -6.0 -2.0 2.8 2.0
221 -5.0 0.0 5.1 -0.1
222 -1.0 -2.0 -0.4 1.2
223 5.0 -4.0 -1.6 -0.9
224 6.0 0.0 -4.5 0.1
225 2.0 3.0 -5.2 -0.6
226 4.0 2.0 -5.0 2.8
227 3.0 4.0 1.5 -1.2
228 3.0 4.0 -0.8 -0.4
229 0.0 4.0 1.4 1.6
230 1.0 7.0 -0.2 0.2
231 -2.0 8.0 -3.3 2.2
232 -3.0 9.0 -4.7 6.5
233 -6.0 11.0 -1.6 6.0
234 -11.0 16.0 0.3 1.6
235 -11.0 15.0 1.9 -2.2
236 -10.0 14.0 -1.8 -2.2
237 -3.0 6.0 -0.7 -5.6
238 1.0 -1.0 2.2 1.3
239 4.0 -1.0 -3.3 0.4
240 2.0 -6.0 1.2 6.5
241 4.0 -7.0 6.3 0.7
242 1.0 -2.0 3.0 9.8
243 1.0 -2.0 2.3 -3.2
244 0.0 -4.0 6.8 1.5
245 1.0 0.0 2.5 -2.8
246 -2.0 -1.0 0.3 2.9
247 -4.0 1.0 1.6 -4.4
248 -10.0 9.0 -4.5 4.1
249 -6.0 3.0 -4.4 -1.2
250 -9.0 3.0 -2.5 -2.4
251 -6.0 4.0 -4.0 -2.3
252 -6.0 3.0 -2.0 -2.7
253 -3.0 2.0 3.8 -6.1
254 -1.0 1.0 -2.2 0.4
255 6.0 -4.0 -3.6 0.9
256 6.0 -9.0 -0.5 -2.5
257 6.0 -11.0 -2.2 2.2
258 3.0 -11.0 -1.8 1.1
259 -2.0 -3.0 0.8 -2.0
260 -5.0 3.0 0.1 -2.5
261 -6.0 10.0 0.5 -2.1
262 -7.0 7.0 0.5 2.7
263 -5.0 7.0 1.8 0.9
264 -2.0 4.0 2.3 1.9
265 -4.0 1.0 2.3 0.7
266 -3.0 1.0 3.1 3.6
267 -2.0 5.0 0.4 -0.6
268 1.0 0.0 -2.3 -3.7
269 2.0 -3.0 -3.3 3.1
270 5.0 -6.0 1.6 1.3
271 4.0 -7.0 -3.3 0.6
272 4.0 -8.0 -2.1 0.4
273 4.0 -7.0 -2.7 5.1
274 -3.0 -1.0 2.6 -2.2
275 -5.0 4.0 -3.2 5.4
276 -4.0 5.0 4.3 3.1
277 -3.0 8.0 5.1 -2.0
278 -5.0 13.0 2.1 1.0
279 -1.0 6.0 1.8 -2.5
280 0.0 1.0 1.0 -4.9
281 -3.0 0.0 -0.3 2.5
282 -4.0 2.0 -0.7 0.1
283 -8.0 0.0 1.7 -0.3
284 -5.0 4.0 -1.7 3.6
285 -7.0 9.0 -3.0 1.7
286 -2.0 6.0 -4.5 -4.7
287 2.0 1.0 -4.9 -3.9
288 6.0 2.0 -4.1 -5.6
289 2.0 5.0 -4.4 -4.4
290 3.0 6.0 1.8 -2.3
291 -2.0 9.0 3.6 -1.7
292 -6.0 11.0 4.8 4.3
293 -3.0 6.0 4.0 1.1
294 -3.0 6.0 2.9 -4.1
295 0.0 3.0 0.1 1.7
296 3.0 4.0 -4.0 2.7
297 3.0 3.0 -5.2 -1.6
298 -4.0 8.0 -3.9 3.1
299 -3.0 6.0 0.7 4.2
300 -5.0 7.0 -0.4 3.1
301 -5.0 5.0 3.1 3.8
302 -4.0 8.0 3.9 0.2
303 -1.0 8.0 -0.8 -1.2
304 -3.0 7.0 -5.2 1.3
305 -5.0 4.0 0.6 1.1
306 -6.0 5.0 -2.1 -2.5
307 -7.0 5.0 -2.6 6.1
308 -8.0 5.0 1.3 -0.5
309 -6.0 3.0 3.5 2.9
310 -1.0 2.0 -0.7 1.9
311 2.0 -3.0 3.5 6.2
312 3.0 -6.0 1.5 -2.6
313 3.0 -5.0 -0.9 3.4
314 2.0 -3.0 -5.3 4.1
315 -4.0 0.0 -1.9 -3.3
316 -9.0 7.0 -3.5 -6.8
317 -10.0 8.0 -0.7 -3.8
318 -8.0 4.0 1.8 1.6
319 -7.0 4.0 7.4 -6.6
320 -6.0 2.0 -0.1 -4.3
321 -3.0 1.0 0.1 0.2
322 2.0 -1.0 -2.8 3.4
323 2.0 1.0 -3.0 0.4
324 1.0 2.0 -6.5 2.9
325 1.0 4.0 4.3 6.9
326 1.0 3.0 2.6 7.1
327 -4.0 5.0 -0.2 2.3
328 -5.0 7.0 2.9 3.1
329 -5.0 4.0 0.3 0.4
330 -4.0 5.0 -4.2 -3.6
331 -7.0 2.0 -3.2 -7.0
332 -6.0 0.0 3.5 -0.6
333 -9.0 0.0 2.8 -5.1
334 -8.0 4.0 2.2 2.7
335 -8.0 2.0 0.4 2.8
336 -6.0 6.0 -0.2 2.6
337 -7.0 7.0 -2.5 -2.2
338 -5.0 7.0 -4.4 3.9
339 -6.0 8.0 -0.5 -0.4
340 -3.0 5.0 2.5 2.9
341 -4.0 5.0 -0.7 -4.5
342 -5.0 8.0 -1.2 4.8
343 -3.0 6.0 -3.6 1.2
344 -4.0 1.0 -0.4 -2.2
345 -8.0 6.0 -2.1 -3.6
346 -7.0 6.0 1.5 2.4
347 -5.0 4.0 6.9 -2.8
348 -6.0 5.0 7.2 -2.5
349 -4.0 9.0 -1.7 3.3
350 -4.0 7.0 1.2 2.0
351 -3.0 5.0 -3.5 3.2
352 -4.0 7.0 -4.7 0.7
353 -3.0 4.0 -4.1 2.8
354 -4.0 2.0 2.6 1.8
355 -4.0 6.0 -5.8 -1.2
356 -4.0 3.0 3.8 2.1
357 -5.0 0.0 -2.3 -1.4
358 -5.0 2.0 -2.5 -2.9
359 -6.0 3.0 -1.2 -9.0
360 -5.0 0.0 4.1 -2.1
361 -1.0 -1.0 1.3 -2.2
362 0.0 2.0 1.8 2.4
363 0.0 2.0 4.3 1.4
364 1.0 5.0 2.0 6.8
365 1.0 6.0 0.0 7.4
366 -3.0 11.0 -4.1 4.5
367 -2.0 11.0 -1.8 -0.8
368 -7.0 12.0 -3.1 1.2
369 -8.0 4.0 -5.1 -3.4
370 -7.0 3.0 -3.9 -6.0
371 -7.0 4.0 -6.6 -3.9
372 -7.0 2.0 -1.1 -2.2
373 -3.0 0.0 -6.5 -1.8
374 -1.0 7.0 -2.7 4.2
375 -3.0 8.0 -2.6 -0.8
376 -5.0 7.0 3.2 -0.7
377 -6.0 6.0 -2.5 2.2
378 -2.0 1.0 6.4 2.9
379 -3.0 0.0 6.3 -1.6
380 -1.0 -2.0 0.9 2.0
381 1.0 -5.0 0.5 0.8
382 -1.0 -4.0 3.5 6.9
383 -4.0 3.0 1.7 -4.9
384 -4.0 2.0 -3.9 -0.1
385 -5.0 4.0 3.8 0.7
386 -5.0 5.0 1.3 -2.2
387 -3.0 7.0 -4.3 -5.9
388 -4.0 9.0 -6.8 1.4
389 -5.0 10.0 -0.3 -1.8
390 -4.0 12.0 -1.5 1.6
391 -4.0 9.0 -1.6 2.0
392 -5.0 9.0 2.6 1.3
393 -5.0 7.0 7.5 6.3
394 -3.0 5.0 3.0 4.4
395 -3.0 2.0 -2.0 0.8
396 -5.0 7.0 -0.4 5.2
397 -4.0 7.0 -0.2 4.0
398 -3.0 6.0 -7.6 -0.4
399 1.0 1.0 1.4 2.2
400 1.0 -1.0 3.0 -0.7
401 3.0 -4.0 2.4 1.8
402 3.0 -7.0 -1.2 -1.5
403 2.0 -8.0 -0.7 3.5
404 -2.0 -3.0 -6.2 -3.9
405 -2.0 -1.0 -0.1 3.4
406 -3.0 2.0 -3.8 -6.5
407 -3.0 2.0 -3.8 -3.6
408 -2.0 3.0 1.7 -7.5
409 -3.0 4.0 1.1 2.2
410 -3.0 6.0 -3.2 -6.7
411 -2.0 5.0 2.0 1.6
412 -1.0 6.0 1.0 0.1
413 -1.0 6.0 0.2 3.1
414 -2.0 6.0 2.1 1.8
415 -3.0 2.0 -1.5 7.1
416 -3.0 2.0 -3.4 4.0
417 -4.0 0.0 3.8 5.9
418 -4.0 -2.0 -1.8 0.8
419 -2.0 -2.0 -1.6 -3.4
420 -1.0 3.0 2.2 -4.2
421 -2.0 4.0 4.2 -2.9
422 -1.0 7.0 -0.3 -3.3
423 -1.0 5.0 5.4 -3.1
424 -1.0 3.0 -1.7 2.5
425 -1.0 -3.0 0.2 4.4
426 0.0 -5.0 -4.7 2.3
427 4.0 -9.0 2.2 3.0
428 2.0 -5.0 0.2 4.1
429 1.0 -1.0 2.1 -1.5
430 1.0 0.0 -0.9 -5.3
431 0.0 1.0 5.1 -3.2
432 -5.0 -1.0 -7.4 -3.3
433 -4.0 -1.0 -2.4 -1.9
434 -4.0 -2.0 2.9 2.6
435 -5.0 2.0 -0.1 4.1
436 -4.0 2.0 -1.0 3.7
437 -3.0 6.0 0.3 2.7
438 -3.0 5.0 1.7 5.0
439 -3.0 5.0 -0.3 -3.9
440 -4.0 2.0 4.0 -2.4
441 -5.0 4.0 -3.8 -2.6
442 -5.0 2.0 2.4 -0.4
443 -4.0 3.0 -3.9 -8.7
444 -3.0 2.0 -1.7 0.8
445 -1.0 4.0 -5.0 -2.1
446 -1.0 1.0 2.9 -3.2
447 -1.0 4.0 -3.1 0.6
448 -1.0 5.0 -0.7 3.6
449 -1.0 6.0 -3.1 4.4
450 -1.0 4.0 -1.1 2.6
451 0.0 2.0 0.2 3.1
452 -1.0 3.0 5.1 -6.4
453 -1.0 4.0 0.1 0.1
454 -1.0 0.0 2.6 -1.8
455 -2.0 2.0 -3.6 2.5
456 -3.0 6.0 -5.0 2.1
457 -2.0 5.0 -2.4 6.0
458 -3.0 2.0 2.7 -0.3
459 -3.0 4.0 -4.9 -1.1
460 -2.0 5.0 0.0 -4.0
461 -1.0 3.0 0.2 -0.1
462 -2.0 0.0 -2.4 -1.1
463 -1.0 -4.0 -4.9 -1.2
464 -1.0 -2.0 0.2 1.6
465 -1.0 -1.0 0.1 2.7
466 -1.0 -5.0 1.5 -3.3
467 0.0 -6.0 0.1 -0.2
468 0.0 1.0 0.0 3.2
469 0.0 -4.0 -2.8 -0.4
470 -1.0 -9.0 0.0 1.7
471 -1.0 -2.0 -4.2 -3.6
472 -1.0 3.0 0.0 -1.8
473 -1.0 1.0 -1.4 -2.2
474 -2.0 5.0 5.6 -1.3
475 -2.0 6.0 2.9 -2.4
476 -2.0 4.0 4.3 5.1
477 -4.0 5.0 3.0 2.9
478 -4.0 3.0 5.8 2.8
479 -3.0 5.0 -1.1 1.5
480 -2.0 9.0 -1.2 -2.5
481 -2.0 7.0 -1.2 2.0
482 0.0 2.0 -2.5 2.8
483 0.0 3.0 -5.6 -0.5
484 0.0 4.0 2.1 1.3
485 0.0 1.0 1.8 5.5
486 -1.0 3.0 3.5 -0.9
487 -2.0 8.0 1.6 -2.6
488 -2.0 7.0 1.7 -1.6
489 -2.0 5.0 0.0 0.1
490 -3.0 3.0 -4.9 0.0
491 -3.0 2.0 -3.3 -1.6
492 -2.0 3.0 0.3 -2.2
493 -2.0 6.0 5.3 3.3
494 -2.0 4.0 -1.4 -3.0
495 -2.0 8.0 5.4 -5.0
496 -3.0 11.0 -1.4 3.2
497 -3.0 8.0 0.4 4.6
498 -3.0 7.0 -8.6 -2.3
499 -3.0 10.0 -5.2 2.3
500 -2.0 11.0 -3.5 6.1
501 0.0 10.0 0.1 3.3
502 0.0 8.0 -5.6 0.7
503 0.0 7.0 6.1 3.3
504 0.0 3.0 2.0 2.5
505 0.0 1.0 4.2 -2.4
506 0.0 -3.0 0.0 -2.8
507 0.0 -5.0 2.0 -3.8
508 0.0 -7.0 -4.1 -1.0
509 0.0 -4.0 0.0 0.0
510 -1.0 -3.0 -2.0 1.2
511 -1.0 -2.0 0.0 -1.0
512 -1.0 2.0 2.1 0.5
513 -1.0 7.0 0.0 4.6
514 -2.0 3.0 0.0 -2.8
515 -1.0 0.0 -4.1 1.8
516 -1.0 1.0 -2.0 3.8
517 -1.0 -1.0 -4.1 5.4
518 -1.0 -3.0 0.1 -1.0
519 0.0 0.0 -2.0 2.7
520 0.0 2.0 2.2 -2.3
521 0.0 3.0 2.2 -1.2
522 0.0 -2.0 2.2 -4.2
523 0.0 -5.0 -2.1 -2.5
524 -1.0 -9.0 0.0 -2.3
525 -1.0 -8.0 6.7 1.7
526 -1.0 -9.0 4.5 -0.4
527 -1.0 -5.0 0.0 0.6
528 -2.0 -5.0 2.2 -0.5
529 -3.0 -6.0 2.3 1.5
530 -3.0 -7.0 -6.6 0.7
531 -4.0 -9.0 -4.4 -5.6
532 -4.0 -9.0 2.5 2.0
533 -3.0 -9.0 0.2 -0.2
534 -1.0 -8.0 0.3 -1.4
535 -2.0 -10.0 -2.3 0.4
536 -1.0 -6.0 0.5 4.4
537 -2.0 -3.0 -1.9 -4.1
538 -2.0 -2.0 0.4 0.8
539 -3.0 3.0 -2.6 1.2
540 -2.0 7.0 0.0 -4.4
541 -2.0 6.0 -2.8 -5.0
542 -1.0 7.0 -2.8 0.1
543 -1.0 8.0 0.3 -3.2
544 0.0 8.0 0.0 -1.8
545 0.0 6.0 3.2 -0.7
546 0.0 7.0 6.5 3.4
547 0.0 -1.0 0.0 -1.4
548 0.0 -2.0 -3.1 3.2
549 0.0 -2.0 3.2 3.0
550 0.0 -4.0 -3.2 3.0
551 0.0 -6.0 -3.3 4.3
552 0.0 0.0 6.5 0.8
553 -1.0 2.0 6.5 -1.4
554 -2.0 -1.0 -3.2 -5.0
555 -2.0 -1.0 3.2 -0.2
556 -2.0 -2.0 -3.2 -7.0
557 -2.0 -1.0 -6.5 2.8
558 -1.0 -3.0 -6.5 -2.8
559 0.0 -5.0 3.7 2.0
560 0.0 -2.0 0.5 -1.3
561 0.0 2.0 3.7 1.4
562 0.0 1.0 0.0 -3.1
563 0.0 -2.0 0.0 3.3
564 -1.0 4.0 0.0 -1.2
565 -1.0 4.0 3.7 -0.7
566 -1.0 0.0 3.7 4.0
567 -1.0 -2.0 3.7 4.2
568 -1.0 2.0 0.0 1.4
569 0.0 1.0 0.3 3.0
570 0.0 1.0 -7.4 3.3
571 -1.0 5.0 -3.4 -1.2
572 -3.0 3.0 0.3 0.5
573 -3.0 3.0 0.0 0.0
574 -3.0 1.0 -4.0 0.4
575 -3.0 -4.0 8.0 2.2
576 -2.0 -6.0 0.2 -0.4
577 0.0 1.0 1.0 0.6
578 0.0 0.0 0.0 -5.3
579 0.0 0.0 0.0 -4.6
580 0.0 4.0 -8.0 -6.6
581 0.0 1.0 0.8 -0.5
582 0.0 0.0 -5.0 -6.0
583 0.0 -1.0 0.0 4.5
584 0.0 -1.0 0.0 5.6
585 0.0 -1.0 0.0 4.9
586 0.0 2.0 -5.0 -0.8
587 0.0 -1.0 0.0 1.1
588 0.0 2.0 0.0 2.1
589 -1.0 3.0 0.0 -4.2
590 -1.0 5.0 0.0 -4.1
591 -1.0 6.0 0.0 2.8
592 -2.0 9.0 0.0 -0.8
593 -2.0 8.0 0.0 -3.3
594 -1.0 8.0 0.0 5.8
595 -1.0 5.0 0.0 2.4
596 -1.0 7.0 0.0 -1.6
597 0.0 0.0 5.9 2.9
598 0.0 3.0 0.0 -0.8
599 -1.0 1.0 0.0 -6.2
600 -1.0 2.0 0.0 -0.2
601 -1.0 -1.0 0.0 -2.3
602 -1.0 2.0 -5.9 0.7
603 -1.0 0.0 0.0 1.9
604 0.0 0.0 0.0 2.2
605 0.0 3.0 0.0 -2.4
606 0.0 3.0 0.0 2.5
607 0.0 5.0 0.0 1.4
608 0.0 4.0 0.0 4.2
609 0.0 9.0 0.0 -0.2
610 0.0 8.0 0.0 3.7
611 0.0 10.0 0.0 1.7
612 0.0 12.0 0.0 -1.7
613 0.0 16.0 0.0 -3.0
614 0.0 13.0 6.7 8.0
615 0.0 10.0 0.0 0.1
616 0.0 8.0 0.0 -1.8
617 0.0 8.0 0.0 -0.5
618 0.0 0.0 6.7 2.6
619 0.0 0.0 0.0 -1.7
620 0.0 2.0 6.7 -1.7
621 0.0 -2.0 13.3 5.7
622 0.0 -1.0 6.7 3.3
623 0.0 6.0 -6.7 -0.9
624 0.0 8.0 -6.7 -4.0
625 0.0 4.0 -6.7 2.1
626 0.0 8.0 -13.3 -5.0
627 0.0 5.0 -6.7 3.7
628 0.0 0.0 0.0 2.0
629 0.0 -3.0 0.0 2.6
630 0.0 3.0 0.0 0.0
631 0.0 3.0 0.0 -0.3
632 0.0 1.0 0.0 -2.2
633 0.0 5.0 0.0 -6.2
634 0.0 2.0 0.0 -4.4
635 0.0 -2.0 0.0 4.1
636 0.0 -5.0 0.0 4.5
637 0.0 1.0 0.0 2.2
638 0.0 -1.0 0.0 4.3
639 0.0 4.0 0.0 2.7
640 -1.0 6.0 0.0 1.3
641 -1.0 8.0 0.0 -0.8
642 -1.0 4.0 6.7 -1.0
643 -1.0 5.0 0.0 1.8
644 -1.0 4.0 0.0 5.5
645 -1.0 2.0 7.7 -0.3
646 -1.0 2.0 7.7 2.1
647 -1.0 2.0 -6.7 1.9
648 -1.0 -1.0 0.0 -2.6
649 -2.0 0.0 7.7 -1.3
650 -2.0 2.0 -7.7 0.4
651 -3.0 1.0 0.6 1.5
652 -3.0 1.0 0.0 -2.3
653 -3.0 5.0 0.0 3.0
654 -2.0 4.0 -7.7 -4.4
655 -1.0 1.0 0.0 -4.2
656 0.0 1.0 -8.3 -2.8
657 0.0 4.0 0.0 -0.8
658 0.0 0.0 0.0 -2.1
659 0.0 -4.0 0.0 2.4
660 0.0 -4.0 0.0 3.8
661 0.0 -1.0 0.0 1.2
662 0.0 -5.0 0.0 -0.2
663 0.0 -1.0 0.0 0.5
664 0.0 -1.0 0.0 0.6
665 0.0 1.0 0.0 -5.2
666 -1.0 -1.0 0.0 -2.3
667 -1.0 0.0 0.0 -1.1
668 -1.0 -1.0 0.0 0.6
669 -1.0 2.0 0.0 -2.2
670 -1.0 1.0 0.0 0.2
671 0.0 -2.0 0.0 0.3
672 0.0 1.0 0.0 -1.1
673 0.0 0.0 0.0 -1.4
674 0.0 1.0 0.0 2.8
675 0.0 -1.0 0.0 7.6
676 0.0 0.0 0.0 -0.4
677 0.0 -2.0 0.0 -1.7
678 0.0 -2.0 20.0 2.0
679 0.0 -3.0 0.0 0.4
680 0.0 0.0 0.0 -6.5
681 0.0 1.0 0.0 1.0
682 0.0 1.0 0.0 3.0
683 0.0 1.0 -20.0 -3.5
684 -1.0 4.0 0.0 -5.3
685 -1.0 5.0 0.0 2.7
686 -1.0 7.0 0.0 -2.6
687 -1.0 4.0 0.0 -2.1
688 -1.0 4.0 0.0 1.7
689 0.0 -2.0 0.0 1.9
690 0.0 -6.0 0.0 -1.4
691 0.0 -8.0 0.0 2.7
692 0.0 -8.0 0.0 3.7
693 0.0 -9.0 0.0 -1.4
694 0.0 -9.0 0.0 -0.4
695 0.0 -4.0 0.0 -1.7
696 0.0 -1.0 0.0 -5.1
697 0.0 1.0 0.0 -1.7
698 0.0 0.0 0.0 -3.8
699 0.0 1.0 0.0 3.0
700 0.0 -1.0 0.0 -0.1
701 -1.0 -1.0 0.0 2.0
702 -1.0 -2.0 0.0 -6.2
703 -1.0 1.0 0.0 3.3
704 -1.0 3.0 0.0 -3.5
705 -1.0 5.0 0.0 -0.3
706 0.0 4.0 0.0 -0.8
707 0.0 7.0 0.0 5.2
708 0.0 8.0 0.0 1.8
709 0.0 9.0 0.0 2.9
710 0.0 5.0 0.0 -0.8
711 0.0 5.0 0.0 3.0
712 0.0 1.0 0.0 3.3
713 0.0 -1.0 0.0 1.5
714 0.0 -9.0 0.0 -1.7
715 0.0 -8.0 0.0 2.2
716 0.0 -10.0 0.0 3.5
717 0.0 -9.0 0.0 3.9
718 0.0 -12.0 0.0 -1.8
719 0.0 -4.0 0.0 4.7
720 0.0 -5.0 0.0 3.3
721 0.0 -4.0 0.0 -3.3
722 0.0 0.0 0.0 -4.3
723 0.0 1.0 0.0 0.4
724 0.0 0.0 0.0 -2.2
725 0.0 0.0 0.0 -1.6
726 0.0 -1.0 0.0 0.0
727 0.0 -5.0 0.0 0.5
728 0.0 -2.0 0.0 2.0
729 0.0 -2.0 0.0 -2.2
730 0.0 -1.0 0.0 -4.6
731 0.0 -3.0 0.0 -0.8
732 0.0 -4.0 0.0 -3.8
733 0.0 -5.0 0.0 1.7
734 0.0 -8.0 0.0 -2.8
735 0.0 -4.0 0.0 4.3
736 0.0 -1.0 0.0 -4.1
737 0.0 -3.0 0.0 -3.0
738 0.0 -4.0 0.0 -4.2
739 0.0 1.0 0.0 1.7
740 0.0 -4.0 0.0 -0.8
741 0.0 0.0 0.0 3.2
742 0.0 2.0 0.0 0.2
743 0.0 -1.0 0.0 -2.0
744 0.0 -2.0 0.0 -2.5
745 0.0 0.0 0.0 -1.0
746 0.0 -6.0 0.0 0.4
747 0.0 -8.0 0.0 2.9
748 0.0 -5.0 0.0 3.5
749 0.0 -9.0 0.0 4.9
750 0.0 -13.0 0.0 4.1
751 0.0 -15.0 0.0 2.2
752 0.0 -14.0 0.0 5.3
753 0.0 -10.0 0.0 -2.2
754 0.0 -8.0 0.0 -0.7
755 0.0 -5.0 0.0 -5.7
756 0.0 -2.0 0.0 -2.0
757 0.0 3.0 0.0 -6.7
758 0.0 2.0 0.0 -1.3
759 0.0 4.0 0.0 -6.1
760 0.0 4.0 0.0 -2.8
761 0.0 6.0 0.0 -2.4
762 0.0 3.0 0.0 -1.0
763 0.0 2.0 0.0 -0.1
764 0.0 -2.0 0.0 0.9
765 0.0 -2.0 0.0 4.5
766 0.0 -2.0 0.0 -0.8
767 0.0 -3.0 0.0 6.0
768 -1.0 -6.0 0.0 2.3
769 -1.0 -2.0 0.0 4.1
770 -1.0 -3.0 0.0 -0.3
771 -1.0 -5.0 0.0 -0.5
772 -1.0 -7.0 0.0 -2.6
773 0.0 -5.0 0.0 -0.5
774 0.0 -4.0 0.0 -0.4
775 0.0 -3.0 0.0 -0.2
776 0.0 -1.0 0.0 2.0
777 0.0 5.0 0.0 -4.8
778 0.0 4.0 0.0 -5.0
779 0.0 1.0 0.0 1.0
780 0.0 -3.0 0.0 -1.5
781 0.0 -3.0 0.0 -3.6
782 0.0 -7.0 0.0 0.4
783 0.0 -7.0 0.0 1.7
784 0.0 -7.0 0.0 -3.1
785 0.0 -7.0 0.0 1.0
786 0.0 -8.0 0.0 2.0
787 0.0 -7.0 0.0 0.4
788 0.0 -7.0 0.0 0.3
789 0.0 -7.0 0.0 2.3
790 0.0 -1.0 0.0 0.4
791 0.0 1.0 0.0 2.3
792 0.0 3.0 0.0 1.6
793 0.0 7.0 0.0 4.4
794 0.0 9.0 0.0 -2.7
795 0.0 7.0 0.0 4.4
796 0.0 4.0 0.0 -1.4
797 0.0 3.0 0.0 -3.8
798 0.0 0.0 0.0 -4.9
799 0.0 2.0 0.0 -0.9
800 0.0 4.0 0.0 -6.1
801 0.0 2.0 0.0 -0.9
802 0.0 2.0 0.0 5.7
803 0.0 0.0 0.0 4.8
804 0.0 -1.0 0.0 -1.3
805 0.0 1.0 0.0 -4.6
806 0.0 7.0 0.0 1.0
807 0.0 4.0 0.0 -3.6
808 0.0 3.0 0.0 -2.3
809 0.0 2.0 0.0 -1.8
810 0.0 0.0 0.0 4.0
811 0.0 -2.0 0.0 -1.0
812 0.0 4.0 0.0 4.2
813 0.0 7.0 0.0 -4.1
814 0.0 6.0 0.0 4.1
815 0.0 4.0 0.0 0.4
816 0.0 0.0 0.0 -1.9
817 0.0 -4.0 0.0 -5.3
818 0.0 -4.0 0.0 1.4
819 0.0 -1.0 0.0 -0.6
820 0.0 -1.0 0.0 -1.4
821 0.0 2.0 0.0 2.2
822 0.0 5.0 0.0 4.3
823 0.0 6.0 0.0 3.1
824 0.0 3.0 0.0 0.9
825 0.0 2.0 0.0 3.3
826 0.0 -1.0 0.0 6.8
827 0.0 -1.0 0.0 4.1
828 0.0 -3.0 0.0 -0.3
829 0.0 -1.0 0.0 -1.4
830 0.0 1.0 0.0 -2.9
831 0.0 2.0 0.0 -4.5
832 0.0 1.0 0.0 -5.3
833 0.0 2.0 0.0 1.3
834 0.0 -1.0 0.0 -0.3
835 0.0 1.0 0.0 1.8
836 0.0 3.0 0.0 -2.0
837 0.0 3.0 0.0 1.9
838 0.0 3.0 0.0 -3.7
839 0.0 4.0 0.0 3.4
840 0.0 4.0 0.0 -0.9
841 0.0 4.0 0.0 0.4
842 0.0 0.0 0.0 -0.9
843 0.0 2.0 0.0 1.1
844 0.0 0.0 0.0 0.3
845 0.0 -3.0 0.0 2.7
846 0.0 -3.0 0.0 0.8
847 0.0 1.0 0.0 -0.3
848 0.0 -2.0 0.0 1.1
849 0.0 -5.0 0.0 0.8
850 0.0 -4.0 0.0 3.5
851 0.0 -6.0 0.0 -0.1
852 0.0 -4.0 0.0 0.2
853 0.0 0.0 0.0 2.2
854 0.0 7.0 0.0 -1.0
855 0.0 7.0 0.0 -3.3
856 0.0 7.0 0.0 -0.9
857 -1.0 7.0 0.0 -3.3
858 -1.0 6.0 0.0 -3.5
859 -1.0 4.0 0.0 1.0
860 -1.0 3.0 0.0 -1.4
861 -1.0 4.0 0.0 0.8
862 0.0 2.0 0.0 4.0
863 0.0 -3.0 0.0 0.0
864 0.0 -5.0 0.0 -0.2
865 0.0 -8.0 0.0 1.3
866 0.0 -4.0 0.0 5.6
867 0.0 -5.0 0.0 1.0
868 0.0 0.0 0.0 1.6
869 0.0 2.0 0.0 -2.2
870 0.0 7.0 0.0 -3.5
871 0.0 4.0 0.0 -5.9
872 0.0 0.0 0.0 -3.9
873 0.0 -3.0 0.0 -2.4
874 0.0 -6.0 0.0 1.3
875 0.0 -9.0 0.0 0.1
876 0.0 -9.0 0.0 -1.4
877 0.0 -2.0 0.0 1.1
878 0.0 0.0 0.0 3.3
879 0.0 4.0 0.0 2.4
880 0.0 2.0 0.0 6.0
881 0.0 1.0 0.0 1.5
882 0.0 -4.0 0.0 1.7
883 0.0 -6.0 0.0 -2.2
884 0.0 -10.0 0.0 -1.6
885 0.0 -9.0 0.0 -3.2
886 0.0 -6.0 0.0 -0.6
887 0.0 -4.0 0.0 -2.7
888 0.0 -10.0 0.0 4.3
889 0.0 -5.0 0.0 -3.4
890 0.0 -4.0 0.0 -1.5
891 0.0 -4.0 0.0 -4.4
892 0.0 -6.0 0.0 -0.7
893 0.0 0.0 0.0 -1.2
894 0.0 -4.0 0.0 1.0
895 0.0 -1.0 0.0 0.4
896 0.0 -3.0 0.0 5.2
897 0.0 -1.0 0.0 2.2
898 0.0 -1.0 0.0 -2.5
899 0.0 3.0 0.0 -1.5
900 0.0 2.0 0.0 -2.5
901 0.0 6.0 0.0 -4.5
902 0.0 5.0 0.0 -6.2
903 0.0 7.0 0.0 -2.3
904 0.0 7.0 0.0 -2.7
905 0.0 6.0 0.0 2.8
906 0.0 -2.0 0.0 0.8
907 0.0 1.0 0.0 3.7
908 -1.0 -3.0 0.0 1.3
909 -1.0 -5.0 0.0 1.2
910 -1.0 -3.0 0.0 -5.5
911 -1.0 1.0 0.0 0.9
912 -1.0 0.0 0.0 -1.1
913 0.0 3.0 nan -2.1
914 0.0 1.0 nan 1.0
915 0.0 3.0 nan 3.8
916 0.0 3.0 nan 3.3
917 0.0 1.0 nan 0.8
918 0.0 -1.0 nan 3.5
919 0.0 2.0 nan 2.9
920 0.0 1.0 nan 0.9
921 0.0 -1.0 nan 1.7
922 0.0 1.0 nan 2.0
923 0.0 4.0 nan 0.1
924 0.0 2.0 nan 2.6
925 0.0 1.0 nan -4.7
926 0.0 4.0 nan -2.7
927 0.0 2.0 nan -3.6
928 0.0 3.0 nan -3.8
929 0.0 4.0 nan -2.5
930 0.0 2.0 nan 3.0
931 0.0 2.0 nan -0.4
932 0.0 0.0 nan 2.1
933 0.0 0.0 nan 4.6
934 0.0 -2.0 nan -3.7
935 0.0 0.0 nan 0.4
936 0.0 -3.0 nan -0.6
937 0.0 0.0 nan 1.4
938 0.0 -2.0 nan -4.2
939 0.0 -1.0 nan 2.4
940 0.0 -3.0 nan 0.2
941 0.0 -2.0 nan -3.5
942 0.0 -1.0 nan -0.5
943 0.0 1.0 nan 2.4
944 0.0 3.0 nan -0.2
945 0.0 1.0 nan 1.6
946 0.0 3.0 nan 3.1
947 0.0 -1.0 nan 1.5
948 0.0 -1.0 nan -1.3
949 0.0 2.0 nan -0.5
950 0.0 5.0 nan -0.8
951 0.0 7.0 nan 3.0
952 0.0 13.0 nan 1.1
953 0.0 8.0 nan 3.4
954 0.0 5.0 nan 1.8
955 0.0 3.0 nan 1.6
956 0.0 3.0 nan -6.5
957 0.0 2.0 nan -2.4
958 0.0 5.0 nan -3.4
959 0.0 6.0 nan -1.6
960 0.0 5.0 nan -0.6
961 0.0 1.0 nan 3.9
962 0.0 -1.0 nan 0.3
963 0.0 1.0 nan -0.6
964 0.0 0.0 nan 1.3
965 0.0 3.0 nan -1.7
966 0.0 3.0 nan 3.3
967 0.0 2.0 nan -0.5
968 0.0 -5.0 nan 5.6
969 0.0 -7.0 nan 0.9
970 0.0 -11.0 nan 6.0
971 0.0 -11.0 nan -2.0
972 0.0 -9.0 nan 2.2
973 0.0 -4.0 nan -6.0
974 0.0 -3.0 nan 1.1
975 0.0 0.0 nan -4.0
976 0.0 0.0 nan 0.7
977 0.0 1.0 nan 1.0
978 0.0 5.0 nan 4.9
979 0.0 8.0 nan -1.6
980 0.0 10.0 nan 1.0
981 0.0 12.0 nan 2.6
982 0.0 9.0 nan -0.8
983 0.0 5.0 nan -1.6
984 0.0 1.0 nan 1.4
985 0.0 1.0 nan -2.2
986 0.0 1.0 nan -0.6
987 0.0 2.0 nan 1.9
988 0.0 3.0 nan 2.2
989 0.0 0.0 nan 5.3
990 0.0 -3.0 nan 3.7
991 0.0 -7.0 nan -0.4
992 0.0 -3.0 nan -2.0
993 0.0 -2.0 nan -0.9
994 0.0 -2.0 nan -4.1
995 0.0 -2.0 nan -1.1
996 0.0 -2.0 nan 0.3
997 0.0 -2.0 nan 0.5
998 0.0 -2.0 nan -0.4
