42.0 0.0
46.0 0.0
45.0 0.0
49.0 0.0
52.0 0.0
49.0 0.0
53.0 0.0
58.0 0.0
53.0 0.0
53.0 0.0
51.0 0.0
48.0 0.0
53.0 0.0
50.0 0.0
47.0 0.0
45.0 0.0
41.0 0.0
38.0 0.0
41.0 0.0
38.0 0.0
39.0 0.0
30.0 0.0
19.0 0.0
14.0 0.0
6.0 0.0
7.0 0.0
7.0 0.0
1.0 0.0
5.0 0.0
1.0 0.0
-2.0 0.0
-4.0 0.0
-5.0 0.0
-2.0 0.0
-1.0 0.0
-2.0 0.0
1.0 0.0
-1.0 0.0
4.0 0.0
12.0 0.0
16.0 0.0
13.0 0.0
8.0 0.0
7.0 0.0
7.0 0.0
7.0 0.0
7.0 0.0
3.0 0.0
2.0 0.0
-2.0 0.0
-1.0 4.3
0.0 -0.4
-4.0 0.3
-4.0 0.9
-9.0 9.8
-9.0 9.2
-9.0 11.0
-10.0 7.8
-11.0 4.9
-16.0 5.2
-19.0 6.3
-14.0 -0.3
-21.0 -0.1
-21.0 3.8
-20.0 -3.6
-19.0 -2.7
-15.0 5.1
-16.0 3.3
-17.0 3.1
-13.0 7.7
-8.0 4.4
-3.0 7.6
6.0 -3.9
10.0 1.0
13.0 0.9
15.0 -2.7
18.0 -3.9
22.0 -4.9
22.0 1.0
24.0 -1.2
23.0 -0.2
22.0 5.5
24.0 3.4
18.0 -2.1
21.0 -3.4
18.0 -9.5
19.0 -2.0
22.0 3.1
15.0 0.0
8.0 2.6
3.0 4.4
5.0 -1.8
2.0 2.3
4.0 -0.4
6.0 2.8
13.0 4.0
9.0 -1.5
7.0 -3.3
8.0 3.1
12.0 -0.9
11.0 -1.1
11.0 1.1
9.0 2.2
6.0 0.0
7.0 -6.4
7.0 -7.0
3.0 -7.4
0.0 -1.2
-1.0 -4.2
2.0 -0.5
2.0 -6.4
1.0 3.5
8.0 -4.0
12.0 0.9
12.0 2.5
14.0 1.6
14.0 -1.0
15.0 -0.5
12.0 1.7
12.0 -4.4
7.0 -3.9
12.0 -4.2
13.0 2.7
16.0 -1.7
17.0 -5.0
17.0 0.2
13.0 1.8
16.0 4.5
14.0 -2.5
14.0 3.1
16.0 1.5
15.0 -4.6
11.0 2.2
14.0 3.1
15.0 5.4
19.0 9.2
13.0 1.7
11.0 5.2
14.0 3.4
16.0 1.2
18.0 1.8
19.0 -1.8
26.0 -5.7
25.0 -1.1
23.0 3.2
22.0 2.8
26.0 -2.3
32.0 -2.0
33.0 -1.2
30.0 1.0
31.0 3.6
27.0 6.7
29.0 4.3
25.0 0.9
25.0 1.8
24.0 5.1
23.0 1.9
24.0 3.5
28.0 1.1
24.0 1.2
26.0 3.9
27.0 -0.8
22.0 -2.3
17.0 0.9
22.0 -2.9
24.0 -1.9
19.0 -3.3
16.0 2.3
14.0 0.5
7.0 5.5
7.0 2.0
0.0 6.0
-7.0 5.2
-13.0 4.2
-9.0 8.4
-10.0 5.8
-11.0 5.7
-15.0 -1.7
-13.0 8.7
-11.0 2.8
-12.0 1.1
-10.0 1.8
-12.0 1.1
-9.0 2.5
-12.0 -3.0
-15.0 0.9
-15.0 0.4
-16.0 -4.9
-17.0 0.5
-20.0 0.0
-20.0 0.8
-26.0 4.2
-25.0 5.3
-19.0 8.6
-18.0 -1.3
-23.0 2.5
-25.0 3.2
-27.0 5.7
-25.0 5.0
-27.0 4.6
-30.0 4.4
-33.0 -0.7
-32.0 -2.7
-32.0 2.5
-28.0 3.8
-31.0 6.0
-28.0 6.6
-29.0 1.6
-29.0 1.7
-21.0 3.8
-19.0 3.6
-23.0 1.9
-23.0 6.1
-24.0 3.7
-28.0 7.2
-30.0 6.2
-29.0 5.1
-28.0 1.5
-27.0 2.1
-22.0 -0.8
-23.0 3.1
-20.0 -0.3
-16.0 -2.5
-10.0 0.0
-10.0 -4.6
-12.0 -3.8
-11.0 -4.9
-11.0 2.6
-11.0 -6.1
-19.0 -3.4
-19.0 -3.2
-19.0 -2.9
-17.0 -3.0
-19.0 -2.6
-20.0 2.7
-20.0 -3.3
-20.0 -4.1
-18.0 -1.2
-21.0 -0.5
-14.0 -5.8
-16.0 -0.6
-12.0 -0.1
-13.0 -1.0
-16.0 -3.3
-16.0 4.9
-15.0 0.0
-18.0 1.9
-20.0 1.8
-20.0 -5.0
-19.0 -2.8
-16.0 -2.8
-13.0 -5.8
-13.0 0.2
-14.0 0.3
-16.0 -3.5
-12.0 -6.7
-12.0 -7.2
-11.0 -4.6
-12.0 2.4
-18.0 -4.1
-23.0 -1.8
-24.0 -4.8
-24.0 -0.5
-23.0 -1.2
-22.0 -2.1
-19.0 -0.7
-16.0 0.7
-14.0 -3.0
-15.0 -2.5
-18.0 -6.1
-19.0 -1.9
-22.0 -7.7
-22.0 -4.7
-24.0 -3.6
-27.0 1.0
-30.0 0.1
-29.0 1.6
-24.0 -1.1
-26.0 -0.7
-23.0 1.4
-24.0 1.3
-24.0 4.6
-25.0 2.9
-26.0 2.6
-27.0 -0.6
-28.0 -3.6
-28.0 1.9
-27.0 -1.3
-27.0 -3.7
-30.0 -1.7
-29.0 -3.0
-32.0 -0.8
-36.0 0.5
-38.0 -2.0
-38.0 -5.6
-35.0 -5.4
-34.0 -5.1
-35.0 -6.3
-38.0 -1.4
-39.0 -0.5
-43.0 -3.3
-44.0 2.0
-43.0 -0.4
-40.0 -6.0
-40.0 -3.5
-42.0 0.9
-42.0 0.4
-43.0 -0.8
-42.0 -2.9
-41.0 -0.8
-41.0 0.1
-40.0 3.4
-41.0 0.2
-39.0 -5.6
-41.0 -8.4
-45.0 -4.1
-43.0 -3.2
-44.0 -0.9
-42.0 -1.5
-42.0 2.3
-40.0 -5.8
-37.0 0.2
-36.0 -1.6
-41.0 -1.8
-43.0 -6.8
-41.0 1.7
-41.0 -1.5
-45.0 -6.9
-46.0 -1.0
-45.0 -8.3
-45.0 -3.5
-47.0 -4.4
-47.0 -2.7
-43.0 0.1
-43.0 -4.4
-42.0 -0.1
-39.0 -0.1
-42.0 -0.3
-38.0 -0.2
-39.0 -0.5
-39.0 0.6
-38.0 -4.4
-38.0 -6.3
-37.0 -7.8
-38.0 -3.8
-40.0 -1.6
-38.0 1.1
-38.0 5.8
-39.0 3.3
-37.0 -6.2
-35.0 0.0
-36.0 -5.5
-37.0 -2.8
-36.0 0.0
-32.0 1.6
-30.0 -6.4
-30.0 0.4
-30.0 -2.5
-31.0 -3.8
-30.0 -3.1
-28.0 -1.6
-29.0 -1.8
-28.0 -2.2
-28.0 1.4
-27.0 4.2
-26.0 0.3
-30.0 -2.4
-29.0 -3.3
-29.0 -3.5
-30.0 -8.3
-30.0 -3.5
-30.0 -9.1
-31.0 -1.6
-26.0 -7.0
-24.0 -4.5
-24.0 -10.4
-25.0 -8.5
-25.0 -3.9
-24.0 -3.5
-24.0 1.5
-22.0 -5.3
-20.0 -4.8
-15.0 -3.9
-20.0 -4.6
-20.0 -4.6
-20.0 -1.9
-21.0 -3.3
-19.0 -5.7
-20.0 -7.0
-20.0 -4.4
-20.0 -5.9
-20.0 -4.2
-19.0 -1.9
-19.0 4.1
-18.0 -1.0
-20.0 -5.8
-21.0 -6.1
-19.0 -9.0
-18.0 -10.7
-18.0 2.1
-18.0 -4.0
-17.0 -0.2
-16.0 -5.5
-16.0 -7.3
-20.0 -6.7
-20.0 1.7
-20.0 -7.8
-20.0 -7.0
-19.0 -3.1
-19.0 -4.4
-20.0 -5.6
-20.0 -7.1
-19.0 -7.8
-20.0 -7.2
-19.0 -4.3
-19.0 -7.1
-19.0 -6.4
-20.0 -2.2
-20.0 -5.9
-18.0 -0.8
-17.0 -1.0
-17.0 4.4
-16.0 -1.4
-16.0 6.0
-16.0 0.2
-17.0 1.8
-16.0 -3.5
-16.0 3.3
-16.0 -0.2
-17.0 -4.0
-18.0 0.0
-18.0 1.1
-24.0 -7.6
-22.0 -4.3
-21.0 2.8
-21.0 -3.9
-20.0 -1.2
-19.0 -3.0
-18.0 4.2
-17.0 2.8
-16.0 1.6
-17.0 -3.4
-18.0 -3.2
-17.0 -7.2
-16.0 -1.9
-15.0 -1.4
-15.0 -0.1
-15.0 -6.1
-15.0 -0.3
-15.0 -6.4
-16.0 -5.5
-17.0 -2.3
-17.0 0.2
-17.0 0.5
-17.0 2.4
-17.0 -9.0
-17.0 -3.5
-16.0 1.6
-16.0 1.5
-16.0 -3.6
-15.0 -5.8
-14.0 -5.3
-14.0 -1.8
-13.0 -3.6
-13.0 -5.5
-14.0 -4.2
-14.0 -0.4
-13.0 -5.5
-13.0 -1.8
-14.0 -6.7
-14.0 -6.4
-14.0 -8.8
-14.0 -5.2
-14.0 -8.6
-14.0 0.6
-13.0 -3.7
-13.0 0.2
-13.0 -4.4
-13.0 -3.0
-13.0 -2.6
-12.0 -4.0
-12.0 -6.1
-10.0 0.5
-11.0 -6.2
-13.0 -3.4
-13.0 -2.1
-14.0 -1.6
-14.0 1.8
-14.0 -6.2
-14.0 -3.1
-15.0 -11.0
-14.0 -1.1
-14.0 -0.3
-14.0 3.0
-15.0 -2.8
-14.0 -0.6
-13.0 -5.4
-13.0 3.2
-13.0 -4.9
-13.0 -4.9
-12.0 -3.0
-10.0 -5.5
-10.0 -7.5
-10.0 1.1
-10.0 -5.5
-10.0 4.8
-10.0 -0.5
-10.0 -3.1
-11.0 -5.7
-12.0 -0.6
-12.0 2.8
-12.0 -0.7
-12.0 1.4
-12.0 -0.8
-12.0 -0.8
-11.0 -1.4
-11.0 -4.2
-11.0 -2.8
-11.0 -0.7
-11.0 0.0
-11.0 0.8
-11.0 2.2
-11.0 -0.6
-11.0 -1.4
-11.0 -5.6
-11.0 4.6
-12.0 2.4
-14.0 -3.6
-14.0 -5.0
-13.0 -2.2
-13.0 -0.8
-13.0 -0.8
-13.0 1.4
-12.0 0.8
-10.0 -4.0
-10.0 -4.9
-9.0 -3.8
-9.0 -2.1
-9.0 -0.5
-9.0 -6.6
-8.0 0.0
-8.0 -3.3
-7.0 -5.2
-7.0 -5.5
-7.0 -5.2
-7.0 -2.2
-7.0 4.6
-8.0 -5.6
-8.0 0.0
-8.0 3.2
-8.0 -1.9
-8.0 1.2
-8.0 6.5
-8.0 0.4
-9.0 -2.0
-9.0 -2.9
-9.0 -2.0
-9.0 -2.0
-8.0 -2.0
-7.0 1.7
-7.0 -0.4
-7.0 1.7
-7.0 -4.1
-7.0 -2.0
-7.0 1.7
-7.0 7.4
-7.0 7.4
-7.0 3.7
-7.0 -2.1
-6.0 4.0
-6.0 -2.2
-6.0 1.8
-6.0 1.8
-6.0 0.0
-6.0 0.0
-6.0 -0.9
-5.0 -2.5
-3.0 2.8
-3.0 -2.2
-3.0 -2.3
-3.0 -2.3
-3.0 2.7
-3.0 -4.7
-3.0 -2.4
-3.0 -2.6
-3.0 0.0
-3.0 -2.8
-3.0 -2.8
-3.0 -2.8
-3.0 0.0
-3.0 0.0
-3.0 0.0
-3.0 0.0
-3.0 -3.1
-2.0 0.0
-3.0 -3.2
-3.0 -6.5
-2.0 5.9
-2.0 0.0
-2.0 -3.2
-3.0 0.0
-3.0 -3.2
-3.0 -6.5
-3.0 -6.5
-3.0 0.0
-4.0 -3.2
-5.0 0.0
-5.0 0.0
-5.0 0.0
-5.0 -3.7
-5.0 -3.7
-5.0 -3.7
-5.0 0.0
-5.0 0.0
-5.0 3.0
-5.0 -7.4
-5.0 -7.4
-5.0 -3.7
-5.0 6.7
-5.0 2.7
-5.0 6.7
-6.0 9.3
-6.0 2.7
-6.0 0.0
-6.0 0.0
-6.0 -8.0
-6.0 -4.2
-6.0 -5.0
-6.0 0.0
-6.0 0.0
-6.0 0.0
-6.0 -5.0
-6.0 0.0
-6.0 0.0
-6.0 0.0
-6.0 0.0
-6.0 0.0
-6.0 0.0
-6.0 0.0
-7.0 0.0
-7.0 0.0
-7.0 0.0
-7.0 6.7
-7.0 0.0
-7.0 0.0
-6.0 7.7
-6.0 7.7
-6.0 -5.9
-6.0 0.0
-6.0 7.7
-5.0 0.0
-5.0 8.3
-5.0 0.0
-5.0 0.0
-4.0 0.0
-3.0 0.0
-3.0 0.0
-3.0 0.0
-3.0 0.0
-3.0 0.0
-3.0 0.0
-3.0 0.0
-3.0 0.0
-3.0 0.0
-3.0 -6.7
-3.0 0.0
-3.0 0.0
-3.0 0.0
-3.0 -6.7
-3.0 -6.7
-3.0 -6.7
-2.0 -13.3
-2.0 -6.7
-2.0 0.0
-2.0 0.0
-2.0 0.0
-2.0 0.0
-2.0 0.0
-2.0 20.0
-2.0 0.0
-2.0 0.0
-2.0 0.0
-2.0 0.0
-2.0 0.0
-2.0 0.0
-2.0 0.0
-2.0 0.0
-2.0 0.0
-2.0 0.0
-1.0 0.0
-1.0 0.0
-1.0 0.0
-1.0 -6.7
-1.0 0.0
-1.0 0.0
-1.0 -7.7
-1.0 -7.7
-1.0 0.0
-1.0 0.0
-1.0 -7.7
-1.0 0.0
-1.0 -8.3
-1.0 0.0
-1.0 0.0
-1.0 0.0
-1.0 0.0
0.0 0.0
0.0 0.0
0.0 0.0
0.0 0.0
0.0 0.0
0.0 0.0
0.0 0.0
0.0 0.0
0.0 0.0
0.0 0.0
0.0 0.0
0.0 0.0
0.0 0.0
0.0 0.0
0.0 0.0
0.0 0.0
0.0 0.0
-1.0 0.0
-1.0 0.0
-1.0 0.0
-1.0 0.0
-1.0 0.0
-1.0 -20.0
-1.0 0.0
-1.0 0.0
-1.0 0.0
-1.0 0.0
-1.0 0.0
-1.0 0.0
-1.0 0.0
-1.0 0.0
-1.0 0.0
-1.0 0.0
-1.0 0.0
-1.0 0.0
-1.0 0.0
-1.0 0.0
-1.0 0.0
-1.0 0.0
-1.0 0.0
-1.0 0.0
-1.0 0.0
-1.0 0.0
-1.0 0.0
-1.0 0.0
-1.0 0.0
-1.0 0.0
-1.0 0.0
-1.0 0.0
-1.0 0.0
-1.0 0.0
-1.0 0.0
-1.0 0.0
-1.0 0.0
-1.0 0.0
-1.0 0.0
-1.0 0.0
-1.0 0.0
-1.0 0.0
-1.0 0.0
-1.0 0.0
-1.0 0.0
-1.0 0.0
-1.0 0.0
-1.0 0.0
-1.0 0.0
-1.0 0.0
0.0 0.0
0.0 0.0
0.0 0.0
0.0 0.0
0.0 0.0
0.0 0.0
0.0 0.0
0.0 0.0
0.0 0.0
0.0 0.0
0.0 0.0
0.0 0.0
0.0 0.0
0.0 0.0
0.0 0.0
0.0 0.0
0.0 0.0
0.0 0.0
0.0 0.0
0.0 0.0
0.0 0.0
0.0 0.0
0.0 0.0
0.0 0.0
0.0 0.0
0.0 0.0
0.0 0.0
0.0 0.0
0.0 0.0
0.0 0.0
0.0 0.0
0.0 0.0
0.0 0.0
0.0 0.0
0.0 0.0
0.0 0.0
0.0 0.0
0.0 0.0
0.0 0.0
-1.0 0.0
-1.0 0.0
-1.0 0.0
-1.0 0.0
-1.0 0.0
-1.0 0.0
-1.0 0.0
-1.0 0.0
-1.0 0.0
-1.0 0.0
-1.0 0.0
-1.0 0.0
-1.0 0.0
-1.0 0.0
-1.0 0.0
-1.0 0.0
-1.0 0.0
-1.0 0.0
-1.0 0.0
-1.0 0.0
-1.0 0.0
-1.0 0.0
-1.0 0.0
-1.0 0.0
-1.0 0.0
-1.0 0.0
-1.0 0.0
-1.0 0.0
-1.0 0.0
-1.0 0.0
-1.0 0.0
-1.0 0.0
-1.0 0.0
-1.0 0.0
-1.0 0.0
-1.0 0.0
-1.0 0.0
-1.0 0.0
-1.0 0.0
-1.0 0.0
-1.0 0.0
-1.0 0.0
-1.0 0.0
-1.0 0.0
-1.0 0.0
-1.0 0.0
-1.0 0.0
-1.0 0.0
-1.0 0.0
-1.0 0.0
0.0 0.0
-1.0 0.0
-1.0 0.0
-1.0 0.0
-1.0 0.0
-1.0 0.0
-1.0 0.0
-1.0 0.0
-1.0 0.0
-1.0 0.0
-1.0 0.0
-1.0 0.0
-1.0 0.0
-1.0 0.0
-1.0 0.0
-1.0 0.0
-1.0 0.0
-1.0 0.0
-1.0 0.0
-1.0 0.0
-1.0 0.0
-1.0 0.0
-1.0 0.0
-1.0 0.0
-1.0 0.0
-1.0 0.0
-1.0 0.0
-1.0 0.0
-1.0 0.0
-1.0 0.0
-1.0 0.0
-1.0 0.0
-1.0 0.0
-1.0 0.0
-1.0 0.0
-1.0 0.0
-1.0 0.0
-1.0 0.0
-1.0 0.0
-1.0 0.0
-1.0 0.0
-1.0 0.0
-1.0 0.0
-1.0 0.0
-1.0 0.0
-1.0 0.0
-1.0 0.0
-1.0 0.0
-1.0 0.0
-1.0 0.0
-1.0 0.0
0.0 nan
0.0 nan
0.0 nan
0.0 nan
0.0 nan
0.0 nan
0.0 nan
0.0 nan
0.0 nan
0.0 nan
0.0 nan
0.0 nan
0.0 nan
0.0 nan
0.0 nan
0.0 nan
0.0 nan
0.0 nan
0.0 nan
0.0 nan
0.0 nan
0.0 nan
0.0 nan
0.0 nan
0.0 nan
0.0 nan
0.0 nan
0.0 nan
0.0 nan
0.0 nan
0.0 nan
0.0 nan
0.0 nan
0.0 nan
0.0 nan
0.0 nan
0.0 nan
0.0 nan
0.0 nan
0.0 nan
0.0 nan
0.0 nan
0.0 nan
0.0 nan
0.0 nan
0.0 nan
0.0 nan
0.0 nan
0.0 nan
0.0 nan
0.0 nan
0.0 nan
0.0 nan
0.0 nan
0.0 nan
0.0 nan
0.0 nan
0.0 nan
0.0 nan
0.0 nan
0.0 nan
0.0 nan
0.0 nan
0.0 nan
0.0 nan
0.0 nan
0.0 nan
0.0 nan
0.0 nan
0.0 nan
0.0 nan
0.0 nan
0.0 nan
0.0 nan
0.0 nan
0.0 nan
0.0 nan
0.0 nan
0.0 nan
0.0 nan
0.0 nan
0.0 nan
0.0 nan
0.0 nan
0.0 nan
0.0 nan
